Framework: torch
Beginning symbolic replay...

Step 0
  Symbolic: Subtract(x8:Matrix(31, 31), x7:Matrix(31, 31)) -> t0
  Concrete: torch.sub(x8, x7)
  Result shape: (31, 31)
  Result value:
tensor([[ 1.7733e-01, -1.1760e+00, -6.4532e-01,  1.6063e+00,  1.8250e+00,
          1.5012e+00, -6.1323e-01,  8.3071e-01, -1.0533e+00, -4.4441e-01,
         -1.4721e+00,  1.0166e+00, -4.7335e-02,  2.7765e-01, -1.5880e+00,
          7.4665e-01,  1.4644e+00,  4.2418e-01, -7.1255e-01, -5.8187e-01,
          1.0225e+00, -1.3834e-01, -8.0800e-01,  1.9752e+00, -6.1849e-02,
         -1.5969e+00,  5.2396e-02,  4.2822e-01,  5.4340e-01,  1.5292e+00,
          8.1133e-01],
        [-1.2004e+00, -6.5335e-01,  1.3151e-01, -7.9794e-01,  5.8910e-01,
         -2.2675e+00, -1.9816e+00, -5.8101e-01, -9.2534e-01, -3.2662e-01,
         -1.7193e+00, -1.9297e-01, -1.2921e+00, -1.5520e+00,  8.4491e-01,
         -5.0321e-01,  1.5232e+00, -5.4661e-01, -6.3440e-01, -1.4293e+00,
          1.2867e+00, -1.0829e+00,  5.4621e-01,  3.8770e-01, -1.7623e+00,
         -6.9515e-01, -1.6139e+00,  1.2136e+00, -8.6557e-01,  1.1184e+00,
         -1.9887e-01],
        [-1.9834e+00, -1.4823e-01,  2.0521e+00, -6.2421e-01, -2.8980e-01,
          2.2989e-01,  5.0977e-01, -9.4046e-01, -8.3032e-01,  2.9481e-01,
         -2.6032e-01,  2.2819e+00, -9.1847e-01,  9.0753e-02, -1.2862e+00,
          3.7476e-01,  6.0775e-01, -1.6671e+00,  1.6449e+00, -1.7326e+00,
         -6.2841e-01,  9.9656e-01,  6.2168e-01,  2.3156e-01,  1.6410e+00,
          1.8932e+00, -2.0377e-02,  1.2435e+00,  4.1706e-01,  1.4818e+00,
         -8.4596e-01],
        [ 4.7495e-01,  1.0058e+00, -9.1230e-01,  1.5861e-01, -1.5824e+00,
          4.9011e-01,  9.5865e-01, -1.8066e-01, -1.0700e+00,  2.6835e-01,
          4.9220e-01, -8.7700e-01,  4.3688e-01, -3.6709e-01,  2.1609e+00,
         -1.6774e+00,  4.0278e-01, -2.0138e-01,  9.4029e-01, -1.1558e+00,
         -1.3722e+00,  1.5427e+00, -2.0949e+00, -1.1490e+00,  2.1108e+00,
          2.3143e+00,  1.2824e+00,  1.2507e+00, -6.3819e-02, -8.2490e-01,
          3.1433e-01],
        [-1.7105e+00, -1.4171e+00,  3.7932e-01, -1.1958e+00, -8.3052e-01,
          2.1446e+00, -2.1599e+00, -3.2654e-01,  1.4381e+00, -1.6393e+00,
         -6.8446e-01, -1.0946e+00, -7.3828e-01, -1.9344e+00,  9.7189e-01,
         -8.4065e-03, -1.5439e+00, -1.6569e+00,  1.7505e+00, -1.9751e-02,
          8.4496e-01,  1.7417e+00,  7.7443e-01,  9.3055e-01,  1.5616e+00,
         -1.3953e+00, -1.7656e+00,  6.6459e-01, -4.9700e-01, -4.1083e-01,
          5.6365e-01],
        [ 1.2627e+00,  9.0769e-01,  1.4509e+00,  6.2334e-01, -8.9631e-01,
         -7.8018e-01, -1.1325e+00,  7.6386e-01, -8.1629e-01, -1.1503e+00,
         -3.3660e-01, -3.5092e-01,  1.0780e+00,  1.7140e+00,  1.1496e+00,
         -1.7100e+00,  1.2776e+00, -1.2555e+00,  1.7265e+00,  3.9977e-01,
          1.6777e+00, -1.2569e+00, -1.1909e+00, -1.7975e+00, -1.3202e+00,
         -3.3681e-01,  3.1620e-01,  9.8273e-01, -1.5921e+00, -1.6666e+00,
          2.6577e-01],
        [-1.0162e+00,  1.1901e+00, -5.9385e-01, -1.9947e+00,  1.4392e+00,
         -6.0311e-01,  1.9552e+00, -1.8842e+00, -2.0077e+00,  1.5855e+00,
          1.5485e+00, -1.0363e-01,  1.0884e+00,  1.7254e+00,  1.3945e+00,
          9.1529e-04, -1.1034e+00,  1.1659e+00, -7.4235e-02, -1.7674e+00,
         -2.3364e-01, -1.4726e+00,  1.3573e+00, -3.9821e-01,  3.6018e-01,
          9.0698e-01, -6.0190e-01, -1.4664e+00, -8.5470e-01, -1.2640e+00,
          4.6211e-01],
        [-1.5883e+00,  4.5357e-02, -1.0914e+00, -1.6819e+00, -1.7145e+00,
          1.1924e+00,  1.7419e+00,  1.4396e+00,  8.1341e-01, -1.5564e+00,
          1.1389e-02, -1.5961e+00, -1.7196e+00, -5.9482e-01, -6.8487e-01,
         -4.3849e-01, -4.8077e-01, -8.0013e-02,  1.7965e+00,  1.3565e+00,
         -2.2446e+00,  1.2055e+00,  8.0513e-01,  7.7684e-01, -2.1109e-01,
          8.4610e-01,  1.8434e+00, -4.8812e-01, -5.2372e-01, -5.2888e-02,
         -2.2790e+00],
        [ 1.2098e+00,  1.3526e+00,  6.4504e-01,  1.2764e+00, -1.0771e+00,
         -1.0195e+00, -1.4087e+00,  1.3503e+00, -1.9202e+00,  4.8199e-01,
          7.0181e-01, -1.8088e+00, -2.3679e-01, -7.7299e-01, -1.3029e+00,
          1.9728e+00,  1.9728e-01, -1.6504e+00,  5.9342e-01, -8.8351e-01,
         -1.2501e+00, -1.5833e+00, -6.5261e-01, -1.7810e+00,  1.6222e+00,
         -1.3195e+00,  1.8356e+00, -2.1425e+00,  1.4124e-01,  1.7351e-01,
         -1.1575e+00],
        [ 9.1288e-01,  1.5640e+00, -3.5142e-01,  1.8841e+00, -1.2060e+00,
          1.0383e+00,  4.9974e-01,  8.7228e-01, -6.1292e-03, -1.0198e+00,
          1.1436e+00, -1.8752e+00, -1.3785e+00, -1.1789e+00, -1.6490e+00,
         -7.3042e-01, -1.4061e+00, -1.2885e+00,  4.5329e-01,  2.7431e-01,
          1.3219e+00, -2.5705e-01, -6.8957e-01, -1.8422e+00,  3.1946e-01,
          5.8341e-01, -6.7468e-01, -9.1749e-01, -1.6227e+00,  6.6364e-01,
         -1.0434e+00],
        [-1.1410e+00,  1.1055e+00, -1.7038e+00, -4.7333e-01,  4.2641e-01,
         -1.1372e+00, -6.9108e-01, -5.8783e-01, -1.6631e+00, -1.6054e+00,
         -7.5029e-01,  1.0728e+00, -6.4875e-01, -3.1444e-01, -9.7322e-02,
         -1.5743e+00,  2.2198e-01, -9.4640e-01, -1.5138e+00,  9.0166e-01,
         -2.4702e-01, -3.1958e-01, -1.0564e+00, -1.4892e+00, -1.1027e+00,
         -1.6581e+00, -4.9779e-01,  1.8278e+00,  1.1233e+00,  1.5514e+00,
          1.2548e+00],
        [ 1.1421e+00,  1.7857e+00, -3.0565e-02, -1.6435e+00, -4.9195e-01,
         -1.4658e+00,  7.2636e-01, -9.0156e-01, -9.4731e-01,  1.6653e+00,
         -1.4106e+00, -2.1455e-01, -1.6681e+00,  4.5664e-01,  1.6627e+00,
         -1.5633e+00, -5.0495e-01, -1.8212e+00,  1.9437e+00,  6.5121e-01,
          7.5275e-01,  1.4708e+00,  1.9178e+00,  1.5156e+00,  1.6759e+00,
          5.6318e-01,  9.9836e-01, -1.5658e-02, -1.1303e+00,  4.9720e-01,
         -1.7181e+00],
        [-4.1173e-01,  2.0055e+00, -8.0768e-01, -1.5440e+00, -5.2004e-01,
         -1.4074e+00, -6.4963e-01,  4.1526e-01,  6.2051e-01,  1.7090e+00,
          2.0137e+00,  8.7606e-01, -1.5840e-01, -1.6984e+00, -9.4146e-01,
         -1.1166e-01,  1.7027e+00, -1.7091e+00, -3.5829e-01, -1.3174e+00,
          9.5463e-01, -1.6724e+00, -1.6278e+00, -1.4824e+00, -5.7503e-01,
          1.7096e+00,  1.2609e+00, -1.6681e-01, -9.9367e-01,  7.3446e-02,
          4.0816e-02],
        [ 3.9190e-01, -1.7568e+00, -1.7306e+00,  7.2958e-01,  1.1913e+00,
         -7.7877e-01, -5.7673e-01, -1.3211e+00,  6.8649e-01,  1.7052e+00,
          6.8201e-01,  1.6227e+00, -1.1885e+00, -1.1179e-02, -5.5747e-01,
          1.7888e+00,  1.6391e+00,  1.8408e+00, -1.0413e+00,  1.5382e+00,
          1.5877e+00,  2.4680e-01,  6.9356e-01, -1.5250e+00, -1.0859e+00,
         -1.1862e-01,  8.4076e-01, -1.5783e+00, -2.9870e-01,  1.9209e+00,
          1.6020e+00],
        [ 1.8256e+00, -1.5570e+00,  1.4855e+00, -5.2537e-01,  1.5151e+00,
          1.1163e+00, -1.8603e+00, -1.7034e+00,  1.9806e-01, -5.7558e-01,
         -2.3106e+00, -4.9712e-01,  9.1364e-01,  7.8359e-01,  4.1590e-02,
         -2.0327e+00, -2.0792e+00,  5.7299e-01,  1.5433e+00,  1.4396e+00,
          3.4084e-01,  2.0461e+00,  3.2681e-01,  1.3515e+00, -1.9618e+00,
         -2.0621e-01,  1.2570e+00, -9.2016e-01, -1.4176e+00, -1.8843e+00,
         -8.1140e-01],
        [ 1.0883e+00, -6.9042e-01,  1.1500e-01,  1.1797e+00,  1.4289e+00,
         -1.6867e+00,  1.4107e-01,  1.1780e+00, -1.9689e-01,  1.0384e+00,
         -3.2819e-01,  9.1058e-01, -1.8138e+00,  2.6831e-02, -1.1413e+00,
         -6.4209e-01,  1.0049e+00,  2.0596e+00, -1.0805e+00,  1.4864e+00,
          1.4544e+00,  1.9675e+00,  1.6231e+00,  1.2730e+00,  1.4708e+00,
         -1.2291e-01, -1.6469e+00, -1.4893e+00, -4.8838e-01, -2.1567e-02,
         -7.4267e-01],
        [ 1.7492e+00,  1.9066e+00, -5.2511e-01, -1.3887e+00, -1.4799e+00,
         -8.8462e-01, -8.3955e-01,  4.3556e-01, -9.1276e-01, -5.8454e-01,
          1.0643e+00,  6.9721e-01, -1.2393e+00,  1.2794e+00,  1.3724e+00,
          1.7736e+00, -1.9734e+00,  6.4037e-01,  1.7162e+00, -1.8622e+00,
         -1.2254e+00,  8.8895e-01,  1.4991e+00,  6.9364e-01,  5.4374e-01,
          2.2485e-01, -9.3446e-01, -3.4598e-01, -2.5196e-01, -4.6569e-01,
          1.6191e+00],
        [ 6.3109e-01, -1.0385e-01,  1.7311e+00, -7.6208e-01,  3.8700e-01,
          1.6211e+00, -1.6200e+00, -6.9365e-01,  1.4496e+00,  1.7014e+00,
         -1.5507e+00, -1.8903e+00, -9.7937e-01, -5.6321e-01, -1.5784e+00,
         -1.0882e+00, -1.2739e+00,  2.0713e+00,  4.2949e-01,  5.9404e-02,
         -7.9984e-01,  1.9907e+00, -1.3414e+00,  1.0198e+00,  9.1820e-01,
          4.5599e-02,  1.4747e+00, -4.1593e-01,  1.4730e+00,  9.0847e-02,
          1.9768e+00],
        [ 1.2424e+00, -7.3302e-01, -1.4788e+00, -2.2469e-01,  3.0921e-01,
          1.3824e-01, -1.7284e+00, -7.2265e-01,  1.7732e+00,  7.5133e-01,
         -3.6133e-01, -1.8633e+00,  1.2797e+00, -1.6805e+00,  6.7193e-01,
         -1.0145e+00,  4.1074e-02, -5.0894e-01,  8.5975e-01, -9.4317e-01,
         -1.1971e+00,  1.7729e+00,  1.1693e-01, -1.8956e-01, -3.8596e-01,
         -7.5732e-02,  1.3635e+00, -1.6369e+00,  1.2942e+00,  7.0111e-01,
          1.4697e+00],
        [ 1.2385e+00, -1.6263e+00, -2.6203e-02,  1.1792e+00, -1.8930e+00,
         -4.7122e-01,  1.0481e+00, -1.4530e+00, -1.9963e+00, -1.4502e+00,
          8.1112e-01,  1.0516e-01, -1.5392e+00, -6.2651e-02, -3.9908e-01,
          1.8321e+00,  7.6940e-01,  1.2869e+00,  1.4441e+00, -1.1702e+00,
         -1.8814e+00, -1.6846e+00, -1.3686e+00,  1.7980e+00,  6.3802e-01,
          1.5884e+00,  8.7766e-01,  5.2045e-01, -1.7911e+00, -1.2753e+00,
          1.0697e+00],
        [-8.7224e-01,  3.5502e-01,  1.4742e+00, -2.0294e+00, -7.7475e-02,
         -4.4934e-01, -1.2825e+00,  8.9092e-01, -1.3580e+00, -6.1942e-01,
          1.5613e+00,  2.3725e-01, -7.0489e-01,  7.6599e-01, -1.7905e-01,
         -1.5869e+00,  8.1615e-01,  1.9513e+00, -1.7778e+00, -1.8243e+00,
          2.8497e-01,  4.9780e-01,  6.6193e-01, -3.8825e-02,  7.5418e-02,
         -1.3799e-01,  1.4201e+00, -1.4921e+00, -6.7887e-01, -9.1392e-01,
         -1.3640e+00],
        [ 3.3296e-01, -1.4541e-01,  8.6844e-01,  1.3209e-01,  1.1594e+00,
         -1.4529e+00,  3.2723e-01,  6.9336e-01,  1.2457e+00,  1.7314e+00,
          1.2241e+00,  8.3838e-01,  1.7399e+00, -1.0318e+00, -1.6699e+00,
          8.2662e-01, -1.6201e+00, -1.3730e+00, -7.9433e-01, -6.7625e-02,
          2.3655e+00, -3.1061e-01,  6.0308e-02, -3.9615e-01, -1.6597e+00,
          4.9095e-01,  1.3777e+00,  1.5978e+00,  9.7517e-01, -1.2045e+00,
         -9.4658e-01],
        [ 1.2123e+00, -2.0097e+00, -7.4160e-03,  1.1971e+00, -2.8193e-01,
         -8.1969e-01, -1.2309e+00,  4.6247e-01,  1.1255e+00,  3.1911e-01,
         -1.3690e+00,  1.4792e+00,  3.1205e-01,  8.2336e-01, -7.3172e-01,
         -7.2546e-03,  7.8241e-01,  1.8265e+00,  1.7939e+00,  5.1990e-01,
          9.9604e-01, -1.0498e+00,  1.4157e-01,  2.3611e+00,  3.8741e-02,
          1.2758e+00, -6.6079e-01, -1.3552e+00, -1.2231e+00, -3.0762e-01,
          2.0097e+00],
        [-1.2465e+00,  1.5458e+00, -1.6535e+00,  8.1235e-01,  5.3951e-01,
          1.2118e+00,  1.5765e+00, -4.3779e-01, -8.7941e-02, -6.3398e-02,
          4.9621e-01, -1.2096e+00,  8.6601e-01, -1.4344e+00, -1.8330e-01,
          1.7966e+00, -2.5570e-01, -9.2536e-01,  1.9195e+00, -1.0114e+00,
          4.1661e-01, -2.9520e-01, -1.1099e+00,  7.9026e-01, -5.6546e-01,
         -1.8492e+00, -3.4718e-01, -1.6038e-01, -5.7312e-01, -7.3299e-01,
          6.4692e-01],
        [ 3.0538e-01,  4.0198e-02,  1.2856e+00,  5.0796e-01, -1.5677e+00,
         -1.4252e+00,  9.2843e-01, -9.9930e-01,  2.3654e-02,  1.5922e+00,
          7.4134e-01, -1.0254e+00,  8.8143e-01, -1.6159e+00, -1.5680e+00,
         -8.9374e-01, -1.0342e+00, -2.0231e+00, -1.5699e+00,  1.5585e+00,
         -1.0809e+00, -2.3613e-01, -8.9173e-01, -1.8169e+00, -9.8591e-01,
          9.0310e-01, -9.9298e-01,  6.3347e-01,  1.4637e+00, -5.2435e-01,
         -1.7932e+00],
        [-1.2363e+00, -5.1943e-01, -1.2970e+00, -1.3575e+00, -7.6374e-01,
          7.1688e-01, -6.3749e-01, -4.0817e-01, -1.7616e+00,  1.1366e+00,
          6.8438e-01,  9.5483e-01,  1.8981e+00, -6.7478e-01,  5.6735e-01,
         -1.4741e+00,  3.5122e-01, -1.6612e+00, -7.6502e-01, -6.3498e-01,
         -1.5755e+00,  9.6403e-01, -1.1438e+00, -1.1891e+00,  1.4939e+00,
         -1.2129e+00,  3.1325e-01,  8.1960e-01, -1.5837e+00, -1.2487e+00,
         -1.4740e+00],
        [ 1.2343e+00, -1.5176e+00,  1.1700e+00,  1.4043e+00,  1.0685e+00,
         -6.3860e-01, -9.3221e-02, -9.3751e-01, -9.3281e-01, -4.6527e-01,
          1.3645e+00, -1.9115e-01,  6.2225e-01, -5.3600e-01, -1.0672e+00,
          9.6623e-01,  9.2899e-01,  2.5365e-01, -1.7344e+00, -9.2009e-02,
         -1.0116e+00,  1.6623e+00, -1.1402e+00,  1.6268e+00,  1.2612e+00,
         -9.5476e-01,  1.9649e+00,  5.5098e-01,  4.6351e-01, -1.4729e+00,
         -1.9189e+00],
        [ 1.5139e+00, -5.6277e-01,  2.0479e-02, -7.4553e-01, -1.0266e+00,
          9.0134e-01, -2.7539e-01,  8.2272e-03, -3.0483e-01,  1.4719e+00,
         -1.5726e+00,  1.6511e+00,  1.5329e+00,  1.2456e+00,  1.0469e+00,
         -1.1061e-01, -9.7714e-01,  1.8508e+00,  1.1120e+00,  1.6577e-01,
         -7.0442e-01,  4.3160e-01, -1.5717e+00,  4.2629e-01, -6.5976e-01,
          1.4333e+00,  1.2755e+00, -2.1024e+00, -1.1038e-02,  2.0430e+00,
          1.0603e+00],
        [ 4.5039e-01, -3.9805e-01, -1.8780e+00,  5.0737e-01,  1.5770e+00,
          1.7855e+00, -1.4418e+00, -1.3655e+00,  1.6774e+00, -1.3349e+00,
         -5.6635e-01, -6.0469e-01, -1.5914e+00,  9.6463e-01, -2.7356e-01,
          1.7215e+00, -1.6643e+00, -1.0584e+00, -5.8218e-01, -1.2764e+00,
         -1.4786e+00,  2.0916e+00, -1.1081e+00,  5.7381e-01,  1.2599e+00,
          1.2780e+00,  1.8472e+00,  1.2032e+00, -4.1362e-01,  1.2300e+00,
         -5.3950e-01],
        [-1.4983e+00, -2.2301e-01,  4.0468e-01, -3.0929e-01, -4.1717e-01,
         -2.1351e+00,  7.2732e-01, -1.6479e+00, -2.1568e+00, -1.9350e+00,
          4.8878e-01,  3.6308e-01, -5.2274e-01, -2.0267e+00, -1.7276e+00,
          5.1747e-01, -1.0611e+00, -9.5039e-01, -8.6933e-01, -1.0163e-01,
          2.6126e-01,  9.0753e-01, -1.1827e+00,  1.9652e+00,  1.8564e+00,
          7.6713e-01,  1.3273e+00,  1.5456e+00,  7.2552e-01,  4.9077e-01,
         -1.3414e+00],
        [-2.2752e+00, -8.4791e-02,  3.6110e-01, -1.0857e+00,  4.5146e-01,
          9.7268e-02, -1.6405e+00, -1.6999e+00, -1.9016e+00, -1.1443e-01,
          1.4145e-01, -2.0419e+00, -5.8516e-01, -1.6671e+00, -1.4856e+00,
         -1.7589e+00, -3.7030e-01, -1.7756e+00, -1.0934e+00, -6.7440e-01,
         -1.8292e+00, -7.1347e-01,  1.4376e+00,  9.7451e-01,  6.7486e-01,
          5.8304e-01, -1.2491e+00, -6.4617e-02, -1.4252e+00,  3.8894e-02,
         -1.5306e+00]], dtype=torch.float64)

Step 1
  Symbolic: Softmax(x6:Matrix(31, 31)) -> t1
  Concrete: torch.nn.functional.softmax(x6, dim=-1)
  Result shape: (31, 31)
  Result value:
tensor([[0.0504, 0.1183, 0.0709, 0.0049, 0.0802, 0.0526, 0.0140, 0.0171, 0.1116,
         0.0603, 0.0152, 0.0043, 0.0037, 0.0120, 0.0084, 0.0061, 0.0438, 0.0045,
         0.0290, 0.0206, 0.0183, 0.0049, 0.0037, 0.0377, 0.0078, 0.0827, 0.0344,
         0.0075, 0.0072, 0.0553, 0.0127],
        [0.0454, 0.0729, 0.0382, 0.0602, 0.0243, 0.0053, 0.0914, 0.0429, 0.0197,
         0.0034, 0.0113, 0.0658, 0.0275, 0.0284, 0.0580, 0.0307, 0.0405, 0.0093,
         0.0026, 0.0057, 0.0458, 0.0821, 0.0164, 0.0042, 0.0041, 0.0072, 0.0060,
         0.0354, 0.0081, 0.1041, 0.0032],
        [0.0212, 0.0032, 0.0275, 0.0303, 0.0259, 0.0323, 0.0037, 0.0334, 0.0042,
         0.0547, 0.1148, 0.0098, 0.0387, 0.0028, 0.0318, 0.0228, 0.0025, 0.0841,
         0.0215, 0.1011, 0.0382, 0.0261, 0.0272, 0.0673, 0.1080, 0.0184, 0.0027,
         0.0042, 0.0073, 0.0158, 0.0188],
        [0.0574, 0.0189, 0.0040, 0.0051, 0.0134, 0.0094, 0.1017, 0.0464, 0.0224,
         0.0199, 0.0023, 0.0899, 0.0020, 0.0323, 0.0597, 0.0405, 0.0208, 0.0569,
         0.0321, 0.0260, 0.0298, 0.0439, 0.0029, 0.0050, 0.0264, 0.0025, 0.0917,
         0.0175, 0.0229, 0.0183, 0.0781],
        [0.0755, 0.0309, 0.0046, 0.0048, 0.0092, 0.0073, 0.0224, 0.0461, 0.0277,
         0.0942, 0.0040, 0.1120, 0.0428, 0.0105, 0.0081, 0.0115, 0.1022, 0.0268,
         0.0129, 0.0037, 0.0159, 0.0057, 0.0062, 0.0036, 0.0034, 0.0302, 0.0872,
         0.0253, 0.1228, 0.0234, 0.0193],
        [   nan,    nan,    nan,    nan,    nan,    nan,    nan,    nan,    nan,
            nan,    nan,    nan,    nan,    nan,    nan,    nan,    nan,    nan,
            nan,    nan,    nan,    nan,    nan,    nan,    nan,    nan,    nan,
            nan,    nan,    nan,    nan],
        [0.0795, 0.0097, 0.0155, 0.0381, 0.0462, 0.0567, 0.0077, 0.0308, 0.0063,
         0.0612, 0.0059, 0.0178, 0.0071, 0.0107, 0.0475, 0.0141, 0.1010, 0.0765,
         0.0191, 0.0035, 0.0182, 0.0052, 0.0256, 0.0245, 0.0265, 0.0076, 0.0098,
         0.1447, 0.0224, 0.0543, 0.0062],
        [0.1056, 0.0276, 0.0123, 0.0259, 0.0116, 0.0054, 0.0319, 0.0259, 0.0099,
         0.0424, 0.0472, 0.0050, 0.0039, 0.0225, 0.1164, 0.0050, 0.0187, 0.0192,
         0.0104, 0.0039, 0.0262, 0.0769, 0.0798, 0.0179, 0.0248, 0.0065, 0.0111,
         0.0583, 0.0141, 0.1071, 0.0265],
        [0.0778, 0.0180, 0.0497, 0.0066, 0.0529, 0.0631, 0.0063, 0.0301, 0.0047,
         0.0926, 0.0430, 0.0235, 0.0035, 0.0095, 0.0174, 0.0172, 0.0078, 0.0398,
         0.0036, 0.0061, 0.0045, 0.0996, 0.0041, 0.0133, 0.0104, 0.0228, 0.0080,
         0.1171, 0.0878, 0.0266, 0.0327],
        [0.1387, 0.0110, 0.0051, 0.0293, 0.0211, 0.0133, 0.0703, 0.0189, 0.0040,
         0.0977, 0.0068, 0.0166, 0.0537, 0.1386, 0.0152, 0.0337, 0.0312, 0.1177,
         0.0378, 0.0058, 0.0112, 0.0061, 0.0040, 0.0271, 0.0142, 0.0041, 0.0253,
         0.0102, 0.0245, 0.0027, 0.0041],
        [0.0746, 0.0169, 0.0067, 0.0849, 0.0046, 0.0026, 0.0073, 0.0058, 0.0662,
         0.0406, 0.0052, 0.0465, 0.0159, 0.0591, 0.0223, 0.0025, 0.0373, 0.0758,
         0.0923, 0.0059, 0.0063, 0.0270, 0.0192, 0.0466, 0.0150, 0.0479, 0.0867,
         0.0034, 0.0036, 0.0063, 0.0651],
        [0.0084, 0.0028, 0.0305, 0.0024, 0.0043, 0.1134, 0.0040, 0.0028, 0.0666,
         0.0041, 0.0653, 0.1129, 0.0838, 0.0126, 0.0111, 0.0028, 0.0114, 0.0779,
         0.0043, 0.0425, 0.0037, 0.0047, 0.0851, 0.1080, 0.0095, 0.0031, 0.0147,
         0.0550, 0.0427, 0.0060, 0.0035],
        [0.0952, 0.0407, 0.0713, 0.0085, 0.1069, 0.0078, 0.0039, 0.0060, 0.0032,
         0.0579, 0.0024, 0.0415, 0.0273, 0.0630, 0.0405, 0.0120, 0.0035, 0.0117,
         0.0020, 0.0025, 0.0754, 0.1069, 0.0240, 0.0057, 0.0055, 0.0020, 0.0290,
         0.0194, 0.0601, 0.0414, 0.0227],
        [0.0250, 0.0622, 0.0261, 0.0054, 0.0045, 0.0037, 0.0356, 0.0449, 0.0458,
         0.0228, 0.0081, 0.0369, 0.0447, 0.0030, 0.0426, 0.0159, 0.0898, 0.0663,
         0.0073, 0.0084, 0.0186, 0.0204, 0.0443, 0.0301, 0.1166, 0.0143, 0.0067,
         0.0025, 0.0034, 0.1139, 0.0303],
        [0.0544, 0.0151, 0.0287, 0.0542, 0.0816, 0.0045, 0.0183, 0.0312, 0.0104,
         0.1314, 0.0031, 0.0169, 0.0604, 0.0421, 0.0442, 0.0042, 0.0029, 0.0383,
         0.0852, 0.0086, 0.0265, 0.0532, 0.0182, 0.0175, 0.0092, 0.0278, 0.0246,
         0.0145, 0.0109, 0.0059, 0.0560],
        [0.0343, 0.0567, 0.0026, 0.0496, 0.0792, 0.0028, 0.0650, 0.0219, 0.0030,
         0.0064, 0.0425, 0.0086, 0.0045, 0.1017, 0.0079, 0.0064, 0.0115, 0.0126,
         0.1207, 0.0117, 0.0238, 0.0299, 0.0060, 0.0063, 0.0081, 0.0277, 0.0096,
         0.0697, 0.0169, 0.0959, 0.0566],
        [0.0037, 0.0557, 0.0037, 0.0169, 0.0524, 0.0331, 0.0027, 0.0172, 0.1343,
         0.0027, 0.0185, 0.0781, 0.1288, 0.0045, 0.0046, 0.1215, 0.0182, 0.0164,
         0.0795, 0.0215, 0.0278, 0.0213, 0.0165, 0.0220, 0.0165, 0.0065, 0.0166,
         0.0035, 0.0413, 0.0094, 0.0046],
        [0.0987, 0.0069, 0.0841, 0.0040, 0.0155, 0.0205, 0.0150, 0.0146, 0.0760,
         0.0447, 0.0222, 0.0409, 0.0394, 0.0065, 0.0066, 0.0226, 0.1029, 0.0030,
         0.0033, 0.0277, 0.0109, 0.0078, 0.0100, 0.0602, 0.0141, 0.0532, 0.0069,
         0.0035, 0.0493, 0.0542, 0.0749],
        [0.0086, 0.0040, 0.0089, 0.0145, 0.0308, 0.0949, 0.0125, 0.0135, 0.0092,
         0.1456, 0.0138, 0.0546, 0.0161, 0.0066, 0.0136, 0.0046, 0.0929, 0.0620,
         0.0059, 0.0041, 0.1364, 0.0377, 0.0387, 0.0095, 0.0206, 0.0051, 0.0677,
         0.0148, 0.0107, 0.0380, 0.0042],
        [0.0323, 0.0539, 0.0158, 0.0916, 0.0338, 0.0348, 0.0103, 0.0055, 0.0835,
         0.0040, 0.0304, 0.0175, 0.0147, 0.0509, 0.0028, 0.0691, 0.0170, 0.0040,
         0.0978, 0.0646, 0.0161, 0.0295, 0.0176, 0.0042, 0.0024, 0.1078, 0.0234,
         0.0182, 0.0102, 0.0111, 0.0250],
        [0.0832, 0.0061, 0.0072, 0.0979, 0.0119, 0.0101, 0.0151, 0.0038, 0.1056,
         0.0024, 0.0092, 0.0059, 0.0741, 0.0039, 0.0360, 0.0082, 0.0725, 0.0046,
         0.0808, 0.0225, 0.0276, 0.0435, 0.0135, 0.0037, 0.0189, 0.1017, 0.0627,
         0.0064, 0.0473, 0.0098, 0.0038],
        [0.0086, 0.0051, 0.0579, 0.0557, 0.0158, 0.0047, 0.0745, 0.0036, 0.0583,
         0.1002, 0.0050, 0.0127, 0.0448, 0.0262, 0.0539, 0.0071, 0.0375, 0.0039,
         0.0726, 0.0132, 0.0070, 0.0631, 0.0083, 0.0497, 0.0639, 0.1040, 0.0027,
         0.0080, 0.0071, 0.0080, 0.0169],
        [0.0069, 0.0030, 0.0094, 0.0625, 0.0719, 0.0125, 0.0715, 0.0091, 0.0205,
         0.0319, 0.0556, 0.0040, 0.0931, 0.0047, 0.0040, 0.0730, 0.0284, 0.0952,
         0.0461, 0.0091, 0.0031, 0.0186, 0.0755, 0.0110, 0.0041, 0.0164, 0.0854,
         0.0476, 0.0164, 0.0026, 0.0066],
        [0.0147, 0.0042, 0.0239, 0.0364, 0.1132, 0.0144, 0.0617, 0.0041, 0.0048,
         0.0324, 0.0026, 0.0086, 0.0712, 0.0122, 0.0116, 0.0233, 0.0023, 0.0124,
         0.0026, 0.0092, 0.0494, 0.0231, 0.0859, 0.0598, 0.0147, 0.0756, 0.0087,
         0.0029, 0.0865, 0.0057, 0.1220],
        [0.0465, 0.0046, 0.0069, 0.0047, 0.0806, 0.0052, 0.0090, 0.0289, 0.0486,
         0.1569, 0.0032, 0.0471, 0.0310, 0.0075, 0.0196, 0.0359, 0.0058, 0.0222,
         0.0066, 0.0045, 0.0713, 0.0047, 0.0041, 0.0075, 0.0488, 0.0521, 0.0247,
         0.0308, 0.0595, 0.0089, 0.1122],
        [0.0776, 0.0733, 0.1245, 0.0091, 0.0237, 0.0202, 0.0313, 0.0132, 0.0338,
         0.0074, 0.0272, 0.0179, 0.0047, 0.0058, 0.0286, 0.0191, 0.0062, 0.0652,
         0.0180, 0.0389, 0.0219, 0.0085, 0.0570, 0.0496, 0.0092, 0.1395, 0.0076,
         0.0040, 0.0494, 0.0038, 0.0038],
        [0.0507, 0.0118, 0.0352, 0.1235, 0.0221, 0.0197, 0.0065, 0.0517, 0.0143,
         0.0550, 0.0332, 0.1382, 0.0036, 0.0071, 0.0100, 0.0160, 0.0567, 0.0226,
         0.0027, 0.0050, 0.0112, 0.0171, 0.0461, 0.0295, 0.0499, 0.0088, 0.0534,
         0.0205, 0.0194, 0.0058, 0.0526],
        [0.0710, 0.0256, 0.0029, 0.0049, 0.0036, 0.0410, 0.1025, 0.0849, 0.0658,
         0.0189, 0.0035, 0.0278, 0.0106, 0.0855, 0.0049, 0.0054, 0.0409, 0.0020,
         0.0319, 0.0053, 0.0238, 0.0282, 0.0538, 0.0094, 0.0072, 0.0020, 0.0289,
         0.0624, 0.0202, 0.0879, 0.0373],
        [0.0035, 0.0304, 0.0588, 0.1049, 0.0900, 0.0368, 0.0068, 0.0096, 0.0746,
         0.0271, 0.0110, 0.0060, 0.0210, 0.0148, 0.0123, 0.0406, 0.0810, 0.0061,
         0.1057, 0.0154, 0.0050, 0.0060, 0.0077, 0.0085, 0.0063, 0.0048, 0.0185,
         0.0527, 0.0718, 0.0453, 0.0169],
        [0.1348, 0.0079, 0.0838, 0.0162, 0.0090, 0.0037, 0.0588, 0.0579, 0.0107,
         0.0034, 0.0026, 0.0027, 0.0177, 0.0452, 0.0126, 0.0466, 0.0036, 0.0592,
         0.1335, 0.0437, 0.0027, 0.0099, 0.0750, 0.0126, 0.0121, 0.0372, 0.0441,
         0.0042, 0.0035, 0.0347, 0.0106],
        [0.0538, 0.0083, 0.0036, 0.0914, 0.0036, 0.0547, 0.0065, 0.0031, 0.0066,
         0.0043, 0.1180, 0.0079, 0.0134, 0.1240, 0.0283, 0.1212, 0.0169, 0.0032,
         0.0032, 0.0094, 0.0630, 0.0151, 0.0092, 0.0149, 0.0025, 0.0123, 0.0742,
         0.0124, 0.0154, 0.0350, 0.0646]], dtype=torch.float64)

Step 2
  Symbolic: Solve(x3:Matrix(27, 27), x1:Matrix(27, 27)) -> t2
  Concrete: torch.linalg.solve(x3, x1)
  Result shape: (27, 27)
  Result value:
tensor([[ 9.7399e-01, -1.0757e+00, -1.0618e+00, -3.0652e-01,  2.2012e-01,
         -4.0250e-01,  2.7578e-01,  5.0485e-04, -1.2819e+00, -1.2281e-01,
         -9.9089e-01, -3.8622e-01,  1.2903e-01,  7.0982e-01,  1.4575e+00,
         -6.7716e-01, -6.5060e-01,  1.0133e+00, -3.5999e-01, -1.4690e+00,
         -4.4824e-01,  1.2392e+00, -4.6527e-01,  1.0254e-01,  7.7719e-01,
          2.7542e-01,  2.4349e+00],
        [ 3.6830e+00, -3.2524e+00, -1.9930e+00, -2.5465e-01,  7.9215e-01,
         -4.7857e-01,  1.3008e+00,  1.4193e+00, -3.9615e+00, -1.3530e+00,
         -2.0927e+00, -2.2332e+00,  1.4871e+00,  4.0168e-01,  5.8593e+00,
         -2.6558e+00, -2.4728e+00,  2.6301e+00, -1.2209e-01, -5.7391e+00,
         -5.5460e-02,  4.2762e+00, -1.0753e+00,  2.1779e+00,  3.2964e+00,
          7.3848e-01,  8.6414e+00],
        [-1.8756e+00,  2.3325e+00,  2.1330e+00,  5.5825e-01, -3.8013e-01,
          9.7505e-01, -4.2428e-01, -2.8218e-01,  2.5362e+00,  5.4458e-01,
          1.8380e+00,  6.7131e-01, -2.0299e-01, -1.3206e+00, -3.0663e+00,
          1.5015e+00,  1.1790e+00, -1.7534e+00,  7.2234e-01,  2.9371e+00,
          9.6177e-01, -2.3106e+00,  8.1719e-01, -3.0081e-01, -1.6541e+00,
         -8.2353e-01, -5.2035e+00],
        [-4.8888e+00,  4.5514e+00,  2.9161e+00,  6.2662e-01, -1.1991e+00,
          8.1922e-01, -1.5922e+00, -1.5273e+00,  5.2856e+00,  1.8856e+00,
          2.7596e+00,  2.2481e+00, -1.1244e+00, -1.1814e+00, -8.1390e+00,
          3.5989e+00,  2.5802e+00, -3.9663e+00,  7.3079e-01,  7.1581e+00,
          7.7712e-01, -5.2109e+00,  1.5999e+00, -2.5784e+00, -4.2584e+00,
         -1.1531e+00, -1.2003e+01],
        [ 3.9104e+00, -4.1744e+00, -2.2014e+00, -2.7526e-01,  1.0462e+00,
         -9.6491e-01,  8.6919e-01,  1.3446e+00, -4.0169e+00, -1.6930e+00,
         -2.5866e+00, -1.7780e+00,  7.7881e-01,  1.1727e+00,  5.5549e+00,
         -2.6597e+00, -1.8611e+00,  2.8140e+00,  6.7282e-02, -5.6818e+00,
         -9.3928e-01,  3.5773e+00, -1.3986e+00,  2.0135e+00,  3.1796e+00,
          1.1232e+00,  9.0777e+00],
        [ 1.8683e+00, -2.0046e+00, -1.1084e+00, -3.1780e-01,  2.1617e-01,
         -4.0511e-01,  6.2378e-01,  7.1486e-01, -2.1767e+00, -9.3691e-01,
         -1.3813e+00, -1.6555e+00,  1.0460e+00,  9.9807e-02,  3.0220e+00,
         -1.4908e+00, -1.4392e+00,  1.4228e+00,  4.4806e-01, -3.3286e+00,
          7.2411e-03,  2.2481e+00, -8.0333e-01,  1.1036e+00,  1.7247e+00,
          5.4729e-01,  4.6606e+00],
        [ 2.0880e+00, -1.0062e+00, -6.2893e-01, -1.1231e+00,  5.3083e-01,
          6.7719e-01,  1.6970e+00,  4.5057e-01, -2.3487e+00, -1.2138e+00,
          2.7457e-01, -1.2110e+00,  1.6829e-01, -4.2429e-01,  5.9035e+00,
         -2.0373e+00, -3.0906e-01,  2.8127e+00, -9.6886e-01, -2.9006e+00,
          1.6161e-01,  2.6328e+00, -9.0724e-01,  1.1329e+00,  2.2253e+00,
          3.5968e-01,  6.0811e+00],
        [-4.5853e+00,  3.7788e+00,  2.0441e+00,  7.7819e-01, -1.1833e+00,
          2.8471e-01, -1.8044e+00, -1.3472e+00,  4.5828e+00,  1.9951e+00,
          1.7325e+00,  2.1177e+00, -6.9230e-01, -7.6525e-01, -8.1966e+00,
          3.3377e+00,  1.6679e+00, -4.0286e+00,  5.8441e-01,  6.4131e+00,
          5.4217e-01, -4.4760e+00,  1.5621e+00, -2.4658e+00, -3.9585e+00,
         -9.7679e-01, -1.1088e+01],
        [ 1.3655e+00, -1.6821e+00, -1.9786e-01, -7.1645e-03,  2.8647e-01,
         -1.7821e-02,  5.6501e-01,  9.9940e-01, -1.3393e+00, -1.0927e+00,
         -5.5977e-01, -1.2025e+00,  9.9943e-01, -5.5531e-01,  2.0058e+00,
         -1.2038e+00, -7.9562e-01,  5.1074e-01,  5.6873e-01, -2.4137e+00,
          1.5735e-01,  1.3782e+00, -4.2626e-01,  1.2239e+00,  1.3505e+00,
          4.5597e-01,  3.2388e+00],
        [-2.9933e+00,  1.9648e+00, -5.1994e-01, -7.4237e-03, -5.4451e-01,
         -1.0535e+00, -1.7403e+00, -2.3274e+00,  2.4827e+00,  2.0142e+00,
         -3.9942e-01,  2.5736e+00, -2.1170e+00,  1.8366e+00, -5.5696e+00,
          2.5866e+00,  1.6020e+00, -1.3015e+00, -5.8069e-01,  4.9315e+00,
         -1.4300e+00, -3.1870e+00,  2.4401e-01, -3.2999e+00, -2.9675e+00,
         -3.2998e-01, -7.0060e+00],
        [-7.8101e-01,  9.2877e-01,  7.0061e-01,  2.6942e-01, -2.4996e-01,
          5.0550e-02, -2.6119e-01, -2.3273e-01,  1.0657e+00,  5.6220e-01,
          4.3969e-01,  3.2596e-01, -7.1764e-03, -4.3784e-01, -1.7729e+00,
          5.9094e-01,  1.2450e-01, -9.8556e-01,  1.8126e-01,  1.4037e+00,
          3.9831e-01, -7.6265e-01,  4.3238e-01, -1.9340e-01, -7.9709e-01,
         -6.0591e-01, -2.4921e+00],
        [-1.2763e+00,  1.5971e+00,  1.0321e+00,  1.0084e-01, -4.0006e-01,
          2.9608e-01, -2.5467e-01, -3.6649e-01,  1.6238e+00,  6.6633e-01,
          8.8438e-01,  4.2768e-01, -4.9597e-02, -7.9736e-01, -2.3112e+00,
          1.0158e+00,  2.7687e-01, -1.1942e+00,  5.0269e-01,  1.8507e+00,
          5.6730e-01, -1.1388e+00,  4.4538e-01, -3.7935e-01, -1.1984e+00,
         -4.7544e-01, -3.4072e+00],
        [ 3.5556e-01, -2.6508e-02,  1.5100e-01,  7.6927e-02,  1.0793e-02,
          2.9576e-01,  1.7096e-01,  4.9145e-01, -1.5503e-01, -1.5392e-01,
          2.2671e-01, -2.6279e-01,  3.3785e-01, -1.2431e-02,  3.7274e-01,
         -1.7196e-01, -2.8951e-01,  3.8498e-02,  2.2207e-01, -4.9495e-01,
          4.0016e-01,  2.5723e-01,  1.8127e-01,  6.2526e-01,  1.6182e-01,
         -6.2145e-02,  6.8092e-01],
        [ 8.7327e-01, -1.0661e+00, -1.1277e+00, -3.8722e-01, -2.0270e-02,
         -6.9047e-01,  2.6945e-01, -1.0738e-01, -1.1528e+00,  7.9594e-02,
         -1.3837e+00, -7.7715e-01,  4.3336e-01,  2.0244e-01,  9.8111e-01,
         -6.4290e-01, -1.1445e+00,  6.8210e-01,  7.1295e-02, -1.4129e+00,
         -2.7255e-01,  1.5565e+00, -5.4015e-01, -1.8952e-02,  7.6212e-01,
          2.5086e-01,  1.8551e+00],
        [-2.7483e+00,  2.4468e+00,  7.0429e-01,  1.3461e-02, -5.9249e-01,
         -5.2829e-01, -1.3838e+00, -1.6087e+00,  2.9298e+00,  1.8195e+00,
          6.5227e-01,  2.1331e+00, -1.4701e+00,  4.9902e-01, -5.2178e+00,
          2.1260e+00,  1.3641e+00, -1.9988e+00, -3.2395e-01,  4.7376e+00,
         -4.3182e-01, -2.9317e+00,  9.2768e-01, -2.2325e+00, -2.7240e+00,
         -7.4156e-01, -7.0090e+00],
        [ 2.4933e+00, -1.4770e+00,  4.0200e-01,  2.3658e-01,  3.0660e-01,
          7.2246e-01,  1.4331e+00,  1.9721e+00, -1.7902e+00, -1.4152e+00,
          1.6605e-01, -2.3185e+00,  2.0465e+00, -1.5061e+00,  3.7293e+00,
         -1.9436e+00, -1.6933e+00,  6.5516e-01,  9.5205e-01, -4.1110e+00,
          1.3857e+00,  2.6610e+00, -1.8209e-01,  2.8964e+00,  2.3304e+00,
          1.5338e-01,  5.2412e+00],
        [ 8.8891e-01, -1.4579e+00, -6.2410e-01,  2.9779e-01,  2.2290e-01,
         -2.5009e-01,  9.5865e-02,  7.7939e-01, -1.1044e+00, -8.8475e-01,
         -7.0796e-01, -6.7073e-01,  6.6713e-01,  2.8277e-01,  1.2163e+00,
         -7.5994e-01, -5.3746e-01,  2.7592e-01,  1.4286e-01, -1.8755e+00,
         -2.4261e-01,  8.1349e-01, -2.6503e-01,  7.5026e-01,  9.9684e-01,
          6.9334e-01,  2.5207e+00],
        [ 2.9665e+00, -2.9345e+00, -1.5014e+00,  2.7257e-01,  7.7870e-01,
         -2.0200e-01,  1.0038e+00,  1.2601e+00, -3.1249e+00, -1.3816e+00,
         -1.6423e+00, -1.6788e+00,  1.2191e+00,  4.0936e-01,  4.3815e+00,
         -1.8999e+00, -1.6820e+00,  1.9497e+00,  3.3210e-02, -4.8268e+00,
         -2.1884e-01,  3.0018e+00, -1.0804e+00,  1.7665e+00,  2.6866e+00,
          8.4483e-01,  6.8298e+00],
        [-3.7244e+00,  5.5540e+00,  4.6767e+00,  7.9907e-02, -1.2488e+00,
          2.6648e+00,  1.2404e-01,  4.5540e-02,  4.8625e+00,  1.0845e+00,
          5.1507e+00,  9.7245e-01,  8.9662e-02, -3.5613e+00, -4.1803e+00,
          2.0840e+00,  2.0185e+00, -3.3862e+00,  5.9217e-01,  5.6981e+00,
          2.9657e+00, -3.3827e+00,  2.3359e+00,  6.5656e-02, -2.9653e+00,
         -1.9283e+00, -8.8814e+00],
        [ 4.4323e+00, -3.8933e+00, -1.8071e+00, -4.3234e-01,  9.9500e-01,
         -3.4863e-01,  1.6894e+00,  1.7146e+00, -4.2288e+00, -1.8556e+00,
         -1.7299e+00, -2.3103e+00,  1.2703e+00,  1.3791e-01,  7.1381e+00,
         -3.1710e+00, -2.1963e+00,  3.1206e+00, -1.0385e-01, -6.4340e+00,
         -1.8550e-01,  4.4822e+00, -1.4048e+00,  2.8834e+00,  3.8362e+00,
          8.0273e-01,  1.0396e+01],
        [ 2.9582e+00, -2.8666e+00, -6.6712e-01,  3.5275e-01,  4.7830e-01,
          3.2306e-02,  9.7113e-01,  2.0816e+00, -2.8089e+00, -1.7414e+00,
         -1.0968e+00, -2.4045e+00,  2.0719e+00, -3.8574e-01,  4.0992e+00,
         -2.3773e+00, -2.0398e+00,  9.5354e-01,  7.8840e-01, -5.0397e+00,
          6.4612e-01,  3.0608e+00, -3.0705e-01,  2.7565e+00,  2.7635e+00,
          6.7414e-01,  6.8264e+00],
        [ 4.8976e-01, -3.9583e-01,  2.3406e-01,  4.8284e-01,  3.0224e-01,
          1.2862e-01,  1.3008e-01,  4.4945e-01, -3.1958e-02, -3.2361e-01,
          2.6275e-02, -1.4730e-01,  3.1153e-01, -2.5436e-01,  4.8624e-02,
         -4.7223e-02, -2.1129e-01, -8.7088e-02,  4.2960e-01, -7.4246e-01,
          6.4041e-02,  1.1938e-01, -3.2665e-02,  6.0473e-01,  3.6416e-01,
          2.4778e-01,  3.9457e-01],
        [-5.6075e+00,  4.9845e+00,  2.4458e+00,  3.9023e-01, -1.3504e+00,
          4.2820e-01, -1.9521e+00, -2.1926e+00,  5.5124e+00,  2.3139e+00,
          2.4123e+00,  2.7906e+00, -1.4740e+00, -7.3489e-01, -9.0358e+00,
          4.0322e+00,  2.6943e+00, -4.1257e+00,  3.2587e-01,  8.0421e+00,
          3.4189e-01, -5.6309e+00,  1.6387e+00, -3.5202e+00, -4.8134e+00,
         -1.0812e+00, -1.3138e+01],
        [-3.5784e+00,  3.9548e+00,  2.6658e+00,  1.5835e-01, -8.9484e-01,
          1.2000e+00, -6.9315e-01, -9.3315e-01,  3.8171e+00,  1.0777e+00,
          2.8964e+00,  1.4028e+00, -5.8953e-01, -1.4220e+00, -4.6559e+00,
          2.2030e+00,  2.1356e+00, -2.6513e+00,  7.3111e-02,  5.2264e+00,
          1.1394e+00, -3.5414e+00,  1.4830e+00, -1.5523e+00, -2.8459e+00,
         -9.8389e-01, -8.2642e+00],
        [-3.8838e+00,  3.5017e+00,  1.5645e+00,  3.7611e-01, -7.6930e-01,
         -5.4249e-02, -1.6237e+00, -1.8497e+00,  4.0540e+00,  2.2562e+00,
          1.4076e+00,  2.6742e+00, -1.6467e+00, -2.2448e-01, -6.9027e+00,
          3.1455e+00,  2.0031e+00, -2.8878e+00, -2.0743e-01,  6.3543e+00,
         -8.8421e-02, -4.0758e+00,  1.0605e+00, -2.7401e+00, -3.6683e+00,
         -1.1885e+00, -9.7895e+00],
        [-4.5265e+00,  3.8704e+00,  1.7626e+00,  3.6823e-01, -1.2659e+00,
         -1.3365e-01, -1.8752e+00, -1.7914e+00,  4.4431e+00,  2.0503e+00,
          1.4551e+00,  2.0776e+00, -1.1068e+00, -1.7356e-01, -7.8687e+00,
          3.2450e+00,  1.7467e+00, -3.5340e+00,  6.3054e-01,  6.4689e+00,
          2.1908e-01, -4.4580e+00,  1.3283e+00, -2.7824e+00, -3.9660e+00,
         -9.8819e-01, -1.0762e+01],
        [-2.6966e+00,  2.3402e+00,  1.0329e+00,  5.1263e-01, -4.7472e-01,
          2.0278e-01, -1.0248e+00, -1.0521e+00,  2.8045e+00,  1.2267e+00,
          1.1663e+00,  1.8667e+00, -1.0004e+00,  3.7338e-02, -4.7411e+00,
          2.2091e+00,  1.3275e+00, -2.0353e+00,  8.0668e-02,  4.0078e+00,
         -1.4261e-01, -2.9777e+00,  7.4313e-01, -1.5994e+00, -2.4623e+00,
         -4.0610e-01, -6.4008e+00]], dtype=torch.float64)

Step 3
  Symbolic: LogDet(t0:Matrix(31, 31)) -> t3
  Concrete: torch.linalg.logdet(t0)
  Result shape: ()
  Result value:
nan

Step 4
  Symbolic: Transpose(t2:Matrix(27, 27)) -> t4
  Concrete: torch.transpose(t2, 0, 1)
  Result shape: (27, 27)
  Result value:
tensor([[ 9.7399e-01,  3.6830e+00, -1.8756e+00, -4.8888e+00,  3.9104e+00,
          1.8683e+00,  2.0880e+00, -4.5853e+00,  1.3655e+00, -2.9933e+00,
         -7.8101e-01, -1.2763e+00,  3.5556e-01,  8.7327e-01, -2.7483e+00,
          2.4933e+00,  8.8891e-01,  2.9665e+00, -3.7244e+00,  4.4323e+00,
          2.9582e+00,  4.8976e-01, -5.6075e+00, -3.5784e+00, -3.8838e+00,
         -4.5265e+00, -2.6966e+00],
        [-1.0757e+00, -3.2524e+00,  2.3325e+00,  4.5514e+00, -4.1744e+00,
         -2.0046e+00, -1.0062e+00,  3.7788e+00, -1.6821e+00,  1.9648e+00,
          9.2877e-01,  1.5971e+00, -2.6508e-02, -1.0661e+00,  2.4468e+00,
         -1.4770e+00, -1.4579e+00, -2.9345e+00,  5.5540e+00, -3.8933e+00,
         -2.8666e+00, -3.9583e-01,  4.9845e+00,  3.9548e+00,  3.5017e+00,
          3.8704e+00,  2.3402e+00],
        [-1.0618e+00, -1.9930e+00,  2.1330e+00,  2.9161e+00, -2.2014e+00,
         -1.1084e+00, -6.2893e-01,  2.0441e+00, -1.9786e-01, -5.1994e-01,
          7.0061e-01,  1.0321e+00,  1.5100e-01, -1.1277e+00,  7.0429e-01,
          4.0200e-01, -6.2410e-01, -1.5014e+00,  4.6767e+00, -1.8071e+00,
         -6.6712e-01,  2.3406e-01,  2.4458e+00,  2.6658e+00,  1.5645e+00,
          1.7626e+00,  1.0329e+00],
        [-3.0652e-01, -2.5465e-01,  5.5825e-01,  6.2662e-01, -2.7526e-01,
         -3.1780e-01, -1.1231e+00,  7.7819e-01, -7.1645e-03, -7.4237e-03,
          2.6942e-01,  1.0084e-01,  7.6927e-02, -3.8722e-01,  1.3461e-02,
          2.3658e-01,  2.9779e-01,  2.7257e-01,  7.9907e-02, -4.3234e-01,
          3.5275e-01,  4.8284e-01,  3.9023e-01,  1.5835e-01,  3.7611e-01,
          3.6823e-01,  5.1263e-01],
        [ 2.2012e-01,  7.9215e-01, -3.8013e-01, -1.1991e+00,  1.0462e+00,
          2.1617e-01,  5.3083e-01, -1.1833e+00,  2.8647e-01, -5.4451e-01,
         -2.4996e-01, -4.0006e-01,  1.0793e-02, -2.0270e-02, -5.9249e-01,
          3.0660e-01,  2.2290e-01,  7.7870e-01, -1.2488e+00,  9.9500e-01,
          4.7830e-01,  3.0224e-01, -1.3504e+00, -8.9484e-01, -7.6930e-01,
         -1.2659e+00, -4.7472e-01],
        [-4.0250e-01, -4.7857e-01,  9.7505e-01,  8.1922e-01, -9.6491e-01,
         -4.0511e-01,  6.7719e-01,  2.8471e-01, -1.7821e-02, -1.0535e+00,
          5.0550e-02,  2.9608e-01,  2.9576e-01, -6.9047e-01, -5.2829e-01,
          7.2246e-01, -2.5009e-01, -2.0200e-01,  2.6648e+00, -3.4863e-01,
          3.2306e-02,  1.2862e-01,  4.2820e-01,  1.2000e+00, -5.4249e-02,
         -1.3365e-01,  2.0278e-01],
        [ 2.7578e-01,  1.3008e+00, -4.2428e-01, -1.5922e+00,  8.6919e-01,
          6.2378e-01,  1.6970e+00, -1.8044e+00,  5.6501e-01, -1.7403e+00,
         -2.6119e-01, -2.5467e-01,  1.7096e-01,  2.6945e-01, -1.3838e+00,
          1.4331e+00,  9.5865e-02,  1.0038e+00,  1.2404e-01,  1.6894e+00,
          9.7113e-01,  1.3008e-01, -1.9521e+00, -6.9315e-01, -1.6237e+00,
         -1.8752e+00, -1.0248e+00],
        [ 5.0485e-04,  1.4193e+00, -2.8218e-01, -1.5273e+00,  1.3446e+00,
          7.1486e-01,  4.5057e-01, -1.3472e+00,  9.9940e-01, -2.3274e+00,
         -2.3273e-01, -3.6649e-01,  4.9145e-01, -1.0738e-01, -1.6087e+00,
          1.9721e+00,  7.7939e-01,  1.2601e+00,  4.5540e-02,  1.7146e+00,
          2.0816e+00,  4.4945e-01, -2.1926e+00, -9.3315e-01, -1.8497e+00,
         -1.7914e+00, -1.0521e+00],
        [-1.2819e+00, -3.9615e+00,  2.5362e+00,  5.2856e+00, -4.0169e+00,
         -2.1767e+00, -2.3487e+00,  4.5828e+00, -1.3393e+00,  2.4827e+00,
          1.0657e+00,  1.6238e+00, -1.5503e-01, -1.1528e+00,  2.9298e+00,
         -1.7902e+00, -1.1044e+00, -3.1249e+00,  4.8625e+00, -4.2288e+00,
         -2.8089e+00, -3.1958e-02,  5.5124e+00,  3.8171e+00,  4.0540e+00,
          4.4431e+00,  2.8045e+00],
        [-1.2281e-01, -1.3530e+00,  5.4458e-01,  1.8856e+00, -1.6930e+00,
         -9.3691e-01, -1.2138e+00,  1.9951e+00, -1.0927e+00,  2.0142e+00,
          5.6220e-01,  6.6633e-01, -1.5392e-01,  7.9594e-02,  1.8195e+00,
         -1.4152e+00, -8.8475e-01, -1.3816e+00,  1.0845e+00, -1.8556e+00,
         -1.7414e+00, -3.2361e-01,  2.3139e+00,  1.0777e+00,  2.2562e+00,
          2.0503e+00,  1.2267e+00],
        [-9.9089e-01, -2.0927e+00,  1.8380e+00,  2.7596e+00, -2.5866e+00,
         -1.3813e+00,  2.7457e-01,  1.7325e+00, -5.5977e-01, -3.9942e-01,
          4.3969e-01,  8.8438e-01,  2.2671e-01, -1.3837e+00,  6.5227e-01,
          1.6605e-01, -7.0796e-01, -1.6423e+00,  5.1507e+00, -1.7299e+00,
         -1.0968e+00,  2.6275e-02,  2.4123e+00,  2.8964e+00,  1.4076e+00,
          1.4551e+00,  1.1663e+00],
        [-3.8622e-01, -2.2332e+00,  6.7131e-01,  2.2481e+00, -1.7780e+00,
         -1.6555e+00, -1.2110e+00,  2.1177e+00, -1.2025e+00,  2.5736e+00,
          3.2596e-01,  4.2768e-01, -2.6279e-01, -7.7715e-01,  2.1331e+00,
         -2.3185e+00, -6.7073e-01, -1.6788e+00,  9.7245e-01, -2.3103e+00,
         -2.4045e+00, -1.4730e-01,  2.7906e+00,  1.4028e+00,  2.6742e+00,
          2.0776e+00,  1.8667e+00],
        [ 1.2903e-01,  1.4871e+00, -2.0299e-01, -1.1244e+00,  7.7881e-01,
          1.0460e+00,  1.6829e-01, -6.9230e-01,  9.9943e-01, -2.1170e+00,
         -7.1764e-03, -4.9597e-02,  3.3785e-01,  4.3336e-01, -1.4701e+00,
          2.0465e+00,  6.6713e-01,  1.2191e+00,  8.9662e-02,  1.2703e+00,
          2.0719e+00,  3.1153e-01, -1.4740e+00, -5.8953e-01, -1.6467e+00,
         -1.1068e+00, -1.0004e+00],
        [ 7.0982e-01,  4.0168e-01, -1.3206e+00, -1.1814e+00,  1.1727e+00,
          9.9807e-02, -4.2429e-01, -7.6525e-01, -5.5531e-01,  1.8366e+00,
         -4.3784e-01, -7.9736e-01, -1.2431e-02,  2.0244e-01,  4.9902e-01,
         -1.5061e+00,  2.8277e-01,  4.0936e-01, -3.5613e+00,  1.3791e-01,
         -3.8574e-01, -2.5436e-01, -7.3489e-01, -1.4220e+00, -2.2448e-01,
         -1.7356e-01,  3.7338e-02],
        [ 1.4575e+00,  5.8593e+00, -3.0663e+00, -8.1390e+00,  5.5549e+00,
          3.0220e+00,  5.9035e+00, -8.1966e+00,  2.0058e+00, -5.5696e+00,
         -1.7729e+00, -2.3112e+00,  3.7274e-01,  9.8111e-01, -5.2178e+00,
          3.7293e+00,  1.2163e+00,  4.3815e+00, -4.1803e+00,  7.1381e+00,
          4.0992e+00,  4.8624e-02, -9.0358e+00, -4.6559e+00, -6.9027e+00,
         -7.8687e+00, -4.7411e+00],
        [-6.7716e-01, -2.6558e+00,  1.5015e+00,  3.5989e+00, -2.6597e+00,
         -1.4908e+00, -2.0373e+00,  3.3377e+00, -1.2038e+00,  2.5866e+00,
          5.9094e-01,  1.0158e+00, -1.7196e-01, -6.4290e-01,  2.1260e+00,
         -1.9436e+00, -7.5994e-01, -1.8999e+00,  2.0840e+00, -3.1710e+00,
         -2.3773e+00, -4.7223e-02,  4.0322e+00,  2.2030e+00,  3.1455e+00,
          3.2450e+00,  2.2091e+00],
        [-6.5060e-01, -2.4728e+00,  1.1790e+00,  2.5802e+00, -1.8611e+00,
         -1.4392e+00, -3.0906e-01,  1.6679e+00, -7.9562e-01,  1.6020e+00,
          1.2450e-01,  2.7687e-01, -2.8951e-01, -1.1445e+00,  1.3641e+00,
         -1.6933e+00, -5.3746e-01, -1.6820e+00,  2.0185e+00, -2.1963e+00,
         -2.0398e+00, -2.1129e-01,  2.6943e+00,  2.1356e+00,  2.0031e+00,
          1.7467e+00,  1.3275e+00],
        [ 1.0133e+00,  2.6301e+00, -1.7534e+00, -3.9663e+00,  2.8140e+00,
          1.4228e+00,  2.8127e+00, -4.0286e+00,  5.1074e-01, -1.3015e+00,
         -9.8556e-01, -1.1942e+00,  3.8498e-02,  6.8210e-01, -1.9988e+00,
          6.5516e-01,  2.7592e-01,  1.9497e+00, -3.3862e+00,  3.1206e+00,
          9.5354e-01, -8.7088e-02, -4.1257e+00, -2.6513e+00, -2.8878e+00,
         -3.5340e+00, -2.0353e+00],
        [-3.5999e-01, -1.2209e-01,  7.2234e-01,  7.3079e-01,  6.7282e-02,
          4.4806e-01, -9.6886e-01,  5.8441e-01,  5.6873e-01, -5.8069e-01,
          1.8126e-01,  5.0269e-01,  2.2207e-01,  7.1295e-02, -3.2395e-01,
          9.5205e-01,  1.4286e-01,  3.3210e-02,  5.9217e-01, -1.0385e-01,
          7.8840e-01,  4.2960e-01,  3.2587e-01,  7.3111e-02, -2.0743e-01,
          6.3054e-01,  8.0668e-02],
        [-1.4690e+00, -5.7391e+00,  2.9371e+00,  7.1581e+00, -5.6818e+00,
         -3.3286e+00, -2.9006e+00,  6.4131e+00, -2.4137e+00,  4.9315e+00,
          1.4037e+00,  1.8507e+00, -4.9495e-01, -1.4129e+00,  4.7376e+00,
         -4.1110e+00, -1.8755e+00, -4.8268e+00,  5.6981e+00, -6.4340e+00,
         -5.0397e+00, -7.4246e-01,  8.0421e+00,  5.2264e+00,  6.3543e+00,
          6.4689e+00,  4.0078e+00],
        [-4.4824e-01, -5.5460e-02,  9.6177e-01,  7.7712e-01, -9.3928e-01,
          7.2411e-03,  1.6161e-01,  5.4217e-01,  1.5735e-01, -1.4300e+00,
          3.9831e-01,  5.6730e-01,  4.0016e-01, -2.7255e-01, -4.3182e-01,
          1.3857e+00, -2.4261e-01, -2.1884e-01,  2.9657e+00, -1.8550e-01,
          6.4612e-01,  6.4041e-02,  3.4189e-01,  1.1394e+00, -8.8421e-02,
          2.1908e-01, -1.4261e-01],
        [ 1.2392e+00,  4.2762e+00, -2.3106e+00, -5.2109e+00,  3.5773e+00,
          2.2481e+00,  2.6328e+00, -4.4760e+00,  1.3782e+00, -3.1870e+00,
         -7.6265e-01, -1.1388e+00,  2.5723e-01,  1.5565e+00, -2.9317e+00,
          2.6610e+00,  8.1349e-01,  3.0018e+00, -3.3827e+00,  4.4822e+00,
          3.0608e+00,  1.1938e-01, -5.6309e+00, -3.5414e+00, -4.0758e+00,
         -4.4580e+00, -2.9777e+00],
        [-4.6527e-01, -1.0753e+00,  8.1719e-01,  1.5999e+00, -1.3986e+00,
         -8.0333e-01, -9.0724e-01,  1.5621e+00, -4.2626e-01,  2.4401e-01,
          4.3238e-01,  4.4538e-01,  1.8127e-01, -5.4015e-01,  9.2768e-01,
         -1.8209e-01, -2.6503e-01, -1.0804e+00,  2.3359e+00, -1.4048e+00,
         -3.0705e-01, -3.2665e-02,  1.6387e+00,  1.4830e+00,  1.0605e+00,
          1.3283e+00,  7.4313e-01],
        [ 1.0254e-01,  2.1779e+00, -3.0081e-01, -2.5784e+00,  2.0135e+00,
          1.1036e+00,  1.1329e+00, -2.4658e+00,  1.2239e+00, -3.2999e+00,
         -1.9340e-01, -3.7935e-01,  6.2526e-01, -1.8952e-02, -2.2325e+00,
          2.8964e+00,  7.5026e-01,  1.7665e+00,  6.5656e-02,  2.8834e+00,
          2.7565e+00,  6.0473e-01, -3.5202e+00, -1.5523e+00, -2.7401e+00,
         -2.7824e+00, -1.5994e+00],
        [ 7.7719e-01,  3.2964e+00, -1.6541e+00, -4.2584e+00,  3.1796e+00,
          1.7247e+00,  2.2253e+00, -3.9585e+00,  1.3505e+00, -2.9675e+00,
         -7.9709e-01, -1.1984e+00,  1.6182e-01,  7.6212e-01, -2.7240e+00,
          2.3304e+00,  9.9684e-01,  2.6866e+00, -2.9653e+00,  3.8362e+00,
          2.7635e+00,  3.6416e-01, -4.8134e+00, -2.8459e+00, -3.6683e+00,
         -3.9660e+00, -2.4623e+00],
        [ 2.7542e-01,  7.3848e-01, -8.2353e-01, -1.1531e+00,  1.1232e+00,
          5.4729e-01,  3.5968e-01, -9.7679e-01,  4.5597e-01, -3.2998e-01,
         -6.0591e-01, -4.7544e-01, -6.2145e-02,  2.5086e-01, -7.4156e-01,
          1.5338e-01,  6.9334e-01,  8.4483e-01, -1.9283e+00,  8.0273e-01,
          6.7414e-01,  2.4778e-01, -1.0812e+00, -9.8389e-01, -1.1885e+00,
         -9.8819e-01, -4.0610e-01],
        [ 2.4349e+00,  8.6414e+00, -5.2035e+00, -1.2003e+01,  9.0777e+00,
          4.6606e+00,  6.0811e+00, -1.1088e+01,  3.2388e+00, -7.0060e+00,
         -2.4921e+00, -3.4072e+00,  6.8092e-01,  1.8551e+00, -7.0090e+00,
          5.2412e+00,  2.5207e+00,  6.8298e+00, -8.8814e+00,  1.0396e+01,
          6.8264e+00,  3.9457e-01, -1.3138e+01, -8.2642e+00, -9.7895e+00,
         -1.0762e+01, -6.4008e+00]], dtype=torch.float64)

Step 5
  Symbolic: Cholesky(t0:Matrix(31, 31)) -> t5
  Concrete: torch.linalg.cholesky(t0)
  Result shape: CRASH
  Result value:
CRASH[torch] step=5 op=Cholesky(t0) _LinAlgError: linalg.cholesky: The factorization could not be completed because the input is not positive-definite (the leading minor of order 2 is not positive-definite).

Step 6
  Symbolic: Solve(x6:Matrix(31, 31), x8:Matrix(31, 31)) -> t6
  Concrete: torch.linalg.solve(x6, x8)
  Result shape: (31, 31)
  Result value:
tensor([[nan, nan, nan, nan, nan, nan, nan, nan, nan, nan, nan, nan, nan, nan, nan, nan, nan, nan, nan, nan, nan, nan, nan, nan,
         nan, nan, nan, nan, nan, nan, nan],
        [nan, nan, nan, nan, nan, nan, nan, nan, nan, nan, nan, nan, nan, nan, nan, nan, nan, nan, nan, nan, nan, nan, nan, nan,
         nan, nan, nan, nan, nan, nan, nan],
        [nan, nan, nan, nan, nan, nan, nan, nan, nan, nan, nan, nan, nan, nan, nan, nan, nan, nan, nan, nan, nan, nan, nan, nan,
         nan, nan, nan, nan, nan, nan, nan],
        [nan, nan, nan, nan, nan, nan, nan, nan, nan, nan, nan, nan, nan, nan, nan, nan, nan, nan, nan, nan, nan, nan, nan, nan,
         nan, nan, nan, nan, nan, nan, nan],
        [nan, nan, nan, nan, nan, nan, nan, nan, nan, nan, nan, nan, nan, nan, nan, nan, nan, nan, nan, nan, nan, nan, nan, nan,
         nan, nan, nan, nan, nan, nan, nan],
        [nan, nan, nan, nan, nan, nan, nan, nan, nan, nan, nan, nan, nan, nan, nan, nan, nan, nan, nan, nan, nan, nan, nan, nan,
         nan, nan, nan, nan, nan, nan, nan],
        [nan, nan, nan, nan, nan, nan, nan, nan, nan, nan, nan, nan, nan, nan, nan, nan, nan, nan, nan, nan, nan, nan, nan, nan,
         nan, nan, nan, nan, nan, nan, nan],
        [nan, nan, nan, nan, nan, nan, nan, nan, nan, nan, nan, nan, nan, nan, nan, nan, nan, nan, nan, nan, nan, nan, nan, nan,
         nan, nan, nan, nan, nan, nan, nan],
        [nan, nan, nan, nan, nan, nan, nan, nan, nan, nan, nan, nan, nan, nan, nan, nan, nan, nan, nan, nan, nan, nan, nan, nan,
         nan, nan, nan, nan, nan, nan, nan],
        [nan, nan, nan, nan, nan, nan, nan, nan, nan, nan, nan, nan, nan, nan, nan, nan, nan, nan, nan, nan, nan, nan, nan, nan,
         nan, nan, nan, nan, nan, nan, nan],
        [nan, nan, nan, nan, nan, nan, nan, nan, nan, nan, nan, nan, nan, nan, nan, nan, nan, nan, nan, nan, nan, nan, nan, nan,
         nan, nan, nan, nan, nan, nan, nan],
        [nan, nan, nan, nan, nan, nan, nan, nan, nan, nan, nan, nan, nan, nan, nan, nan, nan, nan, nan, nan, nan, nan, nan, nan,
         nan, nan, nan, nan, nan, nan, nan],
        [nan, nan, nan, nan, nan, nan, nan, nan, nan, nan, nan, nan, nan, nan, nan, nan, nan, nan, nan, nan, nan, nan, nan, nan,
         nan, nan, nan, nan, nan, nan, nan],
        [nan, nan, nan, nan, nan, nan, nan, nan, nan, nan, nan, nan, nan, nan, nan, nan, nan, nan, nan, nan, nan, nan, nan, nan,
         nan, nan, nan, nan, nan, nan, nan],
        [nan, nan, nan, nan, nan, nan, nan, nan, nan, nan, nan, nan, nan, nan, nan, nan, nan, nan, nan, nan, nan, nan, nan, nan,
         nan, nan, nan, nan, nan, nan, nan],
        [nan, nan, nan, nan, nan, nan, nan, nan, nan, nan, nan, nan, nan, nan, nan, nan, nan, nan, nan, nan, nan, nan, nan, nan,
         nan, nan, nan, nan, nan, nan, nan],
        [nan, nan, nan, nan, nan, nan, nan, nan, nan, nan, nan, nan, nan, nan, nan, nan, nan, nan, nan, nan, nan, nan, nan, nan,
         nan, nan, nan, nan, nan, nan, nan],
        [nan, nan, nan, nan, nan, nan, nan, nan, nan, nan, nan, nan, nan, nan, nan, nan, nan, nan, nan, nan, nan, nan, nan, nan,
         nan, nan, nan, nan, nan, nan, nan],
        [nan, nan, nan, nan, nan, nan, nan, nan, nan, nan, nan, nan, nan, nan, nan, nan, nan, nan, nan, nan, nan, nan, nan, nan,
         nan, nan, nan, nan, nan, nan, nan],
        [nan, nan, nan, nan, nan, nan, nan, nan, nan, nan, nan, nan, nan, nan, nan, nan, nan, nan, nan, nan, nan, nan, nan, nan,
         nan, nan, nan, nan, nan, nan, nan],
        [nan, nan, nan, nan, nan, nan, nan, nan, nan, nan, nan, nan, nan, nan, nan, nan, nan, nan, nan, nan, nan, nan, nan, nan,
         nan, nan, nan, nan, nan, nan, nan],
        [nan, nan, nan, nan, nan, nan, nan, nan, nan, nan, nan, nan, nan, nan, nan, nan, nan, nan, nan, nan, nan, nan, nan, nan,
         nan, nan, nan, nan, nan, nan, nan],
        [nan, nan, nan, nan, nan, nan, nan, nan, nan, nan, nan, nan, nan, nan, nan, nan, nan, nan, nan, nan, nan, nan, nan, nan,
         nan, nan, nan, nan, nan, nan, nan],
        [nan, nan, nan, nan, nan, nan, nan, nan, nan, nan, nan, nan, nan, nan, nan, nan, nan, nan, nan, nan, nan, nan, nan, nan,
         nan, nan, nan, nan, nan, nan, nan],
        [nan, nan, nan, nan, nan, nan, nan, nan, nan, nan, nan, nan, nan, nan, nan, nan, nan, nan, nan, nan, nan, nan, nan, nan,
         nan, nan, nan, nan, nan, nan, nan],
        [nan, nan, nan, nan, nan, nan, nan, nan, nan, nan, nan, nan, nan, nan, nan, nan, nan, nan, nan, nan, nan, nan, nan, nan,
         nan, nan, nan, nan, nan, nan, nan],
        [nan, nan, nan, nan, nan, nan, nan, nan, nan, nan, nan, nan, nan, nan, nan, nan, nan, nan, nan, nan, nan, nan, nan, nan,
         nan, nan, nan, nan, nan, nan, nan],
        [nan, nan, nan, nan, nan, nan, nan, nan, nan, nan, nan, nan, nan, nan, nan, nan, nan, nan, nan, nan, nan, nan, nan, nan,
         nan, nan, nan, nan, nan, nan, nan],
        [nan, nan, nan, nan, nan, nan, nan, nan, nan, nan, nan, nan, nan, nan, nan, nan, nan, nan, nan, nan, nan, nan, nan, nan,
         nan, nan, nan, nan, nan, nan, nan],
        [nan, nan, nan, nan, nan, nan, nan, nan, nan, nan, nan, nan, nan, nan, nan, nan, nan, nan, nan, nan, nan, nan, nan, nan,
         nan, nan, nan, nan, nan, nan, nan],
        [nan, nan, nan, nan, nan, nan, nan, nan, nan, nan, nan, nan, nan, nan, nan, nan, nan, nan, nan, nan, nan, nan, nan, nan,
         nan, nan, nan, nan, nan, nan, nan]], dtype=torch.float64)

Step 7
  Symbolic: Solve(t6:Matrix(31, 31), x7:Matrix(31, 31)) -> t7
  Concrete: torch.linalg.solve(t6, x7)
  Result shape: (31, 31)
  Result value:
tensor([[nan, nan, nan, nan, nan, nan, nan, nan, nan, nan, nan, nan, nan, nan, nan, nan, nan, nan, nan, nan, nan, nan, nan, nan,
         nan, nan, nan, nan, nan, nan, nan],
        [nan, nan, nan, nan, nan, nan, nan, nan, nan, nan, nan, nan, nan, nan, nan, nan, nan, nan, nan, nan, nan, nan, nan, nan,
         nan, nan, nan, nan, nan, nan, nan],
        [nan, nan, nan, nan, nan, nan, nan, nan, nan, nan, nan, nan, nan, nan, nan, nan, nan, nan, nan, nan, nan, nan, nan, nan,
         nan, nan, nan, nan, nan, nan, nan],
        [nan, nan, nan, nan, nan, nan, nan, nan, nan, nan, nan, nan, nan, nan, nan, nan, nan, nan, nan, nan, nan, nan, nan, nan,
         nan, nan, nan, nan, nan, nan, nan],
        [nan, nan, nan, nan, nan, nan, nan, nan, nan, nan, nan, nan, nan, nan, nan, nan, nan, nan, nan, nan, nan, nan, nan, nan,
         nan, nan, nan, nan, nan, nan, nan],
        [nan, nan, nan, nan, nan, nan, nan, nan, nan, nan, nan, nan, nan, nan, nan, nan, nan, nan, nan, nan, nan, nan, nan, nan,
         nan, nan, nan, nan, nan, nan, nan],
        [nan, nan, nan, nan, nan, nan, nan, nan, nan, nan, nan, nan, nan, nan, nan, nan, nan, nan, nan, nan, nan, nan, nan, nan,
         nan, nan, nan, nan, nan, nan, nan],
        [nan, nan, nan, nan, nan, nan, nan, nan, nan, nan, nan, nan, nan, nan, nan, nan, nan, nan, nan, nan, nan, nan, nan, nan,
         nan, nan, nan, nan, nan, nan, nan],
        [nan, nan, nan, nan, nan, nan, nan, nan, nan, nan, nan, nan, nan, nan, nan, nan, nan, nan, nan, nan, nan, nan, nan, nan,
         nan, nan, nan, nan, nan, nan, nan],
        [nan, nan, nan, nan, nan, nan, nan, nan, nan, nan, nan, nan, nan, nan, nan, nan, nan, nan, nan, nan, nan, nan, nan, nan,
         nan, nan, nan, nan, nan, nan, nan],
        [nan, nan, nan, nan, nan, nan, nan, nan, nan, nan, nan, nan, nan, nan, nan, nan, nan, nan, nan, nan, nan, nan, nan, nan,
         nan, nan, nan, nan, nan, nan, nan],
        [nan, nan, nan, nan, nan, nan, nan, nan, nan, nan, nan, nan, nan, nan, nan, nan, nan, nan, nan, nan, nan, nan, nan, nan,
         nan, nan, nan, nan, nan, nan, nan],
        [nan, nan, nan, nan, nan, nan, nan, nan, nan, nan, nan, nan, nan, nan, nan, nan, nan, nan, nan, nan, nan, nan, nan, nan,
         nan, nan, nan, nan, nan, nan, nan],
        [nan, nan, nan, nan, nan, nan, nan, nan, nan, nan, nan, nan, nan, nan, nan, nan, nan, nan, nan, nan, nan, nan, nan, nan,
         nan, nan, nan, nan, nan, nan, nan],
        [nan, nan, nan, nan, nan, nan, nan, nan, nan, nan, nan, nan, nan, nan, nan, nan, nan, nan, nan, nan, nan, nan, nan, nan,
         nan, nan, nan, nan, nan, nan, nan],
        [nan, nan, nan, nan, nan, nan, nan, nan, nan, nan, nan, nan, nan, nan, nan, nan, nan, nan, nan, nan, nan, nan, nan, nan,
         nan, nan, nan, nan, nan, nan, nan],
        [nan, nan, nan, nan, nan, nan, nan, nan, nan, nan, nan, nan, nan, nan, nan, nan, nan, nan, nan, nan, nan, nan, nan, nan,
         nan, nan, nan, nan, nan, nan, nan],
        [nan, nan, nan, nan, nan, nan, nan, nan, nan, nan, nan, nan, nan, nan, nan, nan, nan, nan, nan, nan, nan, nan, nan, nan,
         nan, nan, nan, nan, nan, nan, nan],
        [nan, nan, nan, nan, nan, nan, nan, nan, nan, nan, nan, nan, nan, nan, nan, nan, nan, nan, nan, nan, nan, nan, nan, nan,
         nan, nan, nan, nan, nan, nan, nan],
        [nan, nan, nan, nan, nan, nan, nan, nan, nan, nan, nan, nan, nan, nan, nan, nan, nan, nan, nan, nan, nan, nan, nan, nan,
         nan, nan, nan, nan, nan, nan, nan],
        [nan, nan, nan, nan, nan, nan, nan, nan, nan, nan, nan, nan, nan, nan, nan, nan, nan, nan, nan, nan, nan, nan, nan, nan,
         nan, nan, nan, nan, nan, nan, nan],
        [nan, nan, nan, nan, nan, nan, nan, nan, nan, nan, nan, nan, nan, nan, nan, nan, nan, nan, nan, nan, nan, nan, nan, nan,
         nan, nan, nan, nan, nan, nan, nan],
        [nan, nan, nan, nan, nan, nan, nan, nan, nan, nan, nan, nan, nan, nan, nan, nan, nan, nan, nan, nan, nan, nan, nan, nan,
         nan, nan, nan, nan, nan, nan, nan],
        [nan, nan, nan, nan, nan, nan, nan, nan, nan, nan, nan, nan, nan, nan, nan, nan, nan, nan, nan, nan, nan, nan, nan, nan,
         nan, nan, nan, nan, nan, nan, nan],
        [nan, nan, nan, nan, nan, nan, nan, nan, nan, nan, nan, nan, nan, nan, nan, nan, nan, nan, nan, nan, nan, nan, nan, nan,
         nan, nan, nan, nan, nan, nan, nan],
        [nan, nan, nan, nan, nan, nan, nan, nan, nan, nan, nan, nan, nan, nan, nan, nan, nan, nan, nan, nan, nan, nan, nan, nan,
         nan, nan, nan, nan, nan, nan, nan],
        [nan, nan, nan, nan, nan, nan, nan, nan, nan, nan, nan, nan, nan, nan, nan, nan, nan, nan, nan, nan, nan, nan, nan, nan,
         nan, nan, nan, nan, nan, nan, nan],
        [nan, nan, nan, nan, nan, nan, nan, nan, nan, nan, nan, nan, nan, nan, nan, nan, nan, nan, nan, nan, nan, nan, nan, nan,
         nan, nan, nan, nan, nan, nan, nan],
        [nan, nan, nan, nan, nan, nan, nan, nan, nan, nan, nan, nan, nan, nan, nan, nan, nan, nan, nan, nan, nan, nan, nan, nan,
         nan, nan, nan, nan, nan, nan, nan],
        [nan, nan, nan, nan, nan, nan, nan, nan, nan, nan, nan, nan, nan, nan, nan, nan, nan, nan, nan, nan, nan, nan, nan, nan,
         nan, nan, nan, nan, nan, nan, nan],
        [nan, nan, nan, nan, nan, nan, nan, nan, nan, nan, nan, nan, nan, nan, nan, nan, nan, nan, nan, nan, nan, nan, nan, nan,
         nan, nan, nan, nan, nan, nan, nan]], dtype=torch.float64)

Step 8
  Symbolic: Subtract(t5:Matrix(31, 31), x7:Matrix(31, 31)) -> t8
  Concrete: torch.sub(t5, x7)
  Result shape: CRASH
  Result value:
CRASH[torch] step=8 op=Subtract(t5, x7) UpstreamCrash: operation skipped because input(s) already crashed: t5

Step 9
  Symbolic: Add(t4:Matrix(27, 27), x4:Matrix(27, 27)) -> t9
  Concrete: torch.add(t4, x4)
  Result shape: (27, 27)
  Result value:
tensor([[ 1.0214e+00,  3.6526e+00, -1.9557e+00, -4.8484e+00,  3.9116e+00,
          1.8687e+00,  2.0476e+00, -4.5745e+00,  1.4051e+00, -2.9912e+00,
         -7.2977e-01, -1.2401e+00,  3.9810e-01,  8.5565e-01, -2.7549e+00,
          2.5002e+00,  8.9004e-01,  2.9106e+00, -3.7135e+00,  4.4869e+00,
          2.9640e+00,  5.2332e-01, -5.6006e+00, -3.5740e+00, -3.9453e+00,
         -4.5128e+00, -2.6799e+00],
        [-1.1061e+00, -3.1873e+00,  2.4158e+00,  4.5180e+00, -4.1921e+00,
         -1.9469e+00, -1.0058e+00,  3.7657e+00, -1.7204e+00,  1.9116e+00,
          8.4034e-01,  1.5665e+00, -3.8142e-02, -1.0527e+00,  2.4513e+00,
         -1.4848e+00, -1.4894e+00, -2.8914e+00,  5.5328e+00, -3.9629e+00,
         -2.8526e+00, -4.4885e-01,  4.9897e+00,  3.9303e+00,  3.6118e+00,
          3.8135e+00,  2.2896e+00],
        [-1.1419e+00, -1.9096e+00,  2.2948e+00,  2.8407e+00, -2.2143e+00,
         -1.0655e+00, -5.7993e-01,  2.0183e+00, -2.7630e-01, -5.5652e-01,
          5.7380e-01,  9.6475e-01,  8.8083e-02, -1.0956e+00,  7.2049e-01,
          3.8760e-01, -6.4867e-01, -1.3990e+00,  4.6467e+00, -1.9230e+00,
         -6.6558e-01,  1.5655e-01,  2.4403e+00,  2.6391e+00,  1.7224e+00,
          1.7054e+00,  9.7935e-01],
        [-2.6615e-01, -2.8805e-01,  4.8286e-01,  6.6675e-01, -2.7093e-01,
         -3.3067e-01, -1.1525e+00,  7.9024e-01,  3.2562e-02, -2.8000e-03,
          3.2371e-01,  1.3426e-01,  1.1260e-01, -4.0519e-01,  5.2729e-03,
          2.4614e-01,  3.0565e-01,  2.2075e-01,  9.2924e-02, -3.8372e-01,
          3.5618e-01,  5.1902e-01,  3.9396e-01,  1.7047e-01,  3.0357e-01,
          3.9170e-01,  5.2559e-01],
        [ 2.2122e-01,  7.7441e-01, -3.9302e-01, -1.1947e+00,  1.0591e+00,
          1.8091e-01,  5.4739e-01, -1.1826e+00,  2.9583e-01, -5.1106e-01,
         -2.2676e-01, -4.0531e-01, -8.6520e-04, -2.0177e-02, -5.9617e-01,
          3.0313e-01,  2.4014e-01,  7.7681e-01, -1.2339e+00,  1.0056e+00,
          4.7503e-01,  3.1421e-01, -1.3604e+00, -8.8531e-01, -7.9938e-01,
         -1.2427e+00, -4.4998e-01],
        [-4.0218e-01, -4.2084e-01,  1.0179e+00,  8.0635e-01, -1.0002e+00,
         -2.9148e-01,  6.2368e-01,  2.7887e-01, -4.2450e-02, -1.1523e+00,
         -2.5814e-02,  3.0650e-01,  3.3080e-01, -6.9336e-01, -5.1787e-01,
          7.2888e-01, -3.0296e-01, -1.9554e-01,  2.6239e+00, -3.8750e-01,
          5.0527e-02,  8.9426e-02,  4.5574e-01,  1.1678e+00,  4.5380e-02,
         -2.0660e-01,  1.3105e-01],
        [ 2.3538e-01,  1.3012e+00, -3.7528e-01, -1.6216e+00,  8.8576e-01,
          5.7026e-01,  1.7607e+00, -1.8127e+00,  5.4105e-01, -1.6943e+00,
         -2.6840e-01, -2.9462e-01,  1.1834e-01,  2.9070e-01, -1.3791e+00,
          1.4266e+00,  1.1971e-01,  1.0497e+00,  1.3193e-01,  1.6633e+00,
          9.5558e-01,  1.2103e-01, -1.9734e+00, -6.8628e-01, -1.6159e+00,
         -1.8574e+00, -1.0052e+00],
        [ 1.1322e-02,  1.4062e+00, -3.0790e-01, -1.5152e+00,  1.3452e+00,
          7.0902e-01,  4.4224e-01, -1.3392e+00,  1.0146e+00, -2.3265e+00,
         -2.1631e-01, -3.5430e-01,  5.0164e-01, -1.1790e-01, -1.6205e+00,
          1.9705e+00,  7.8435e-01,  1.2432e+00,  5.2908e-02,  1.7264e+00,
          2.0860e+00,  4.5579e-01, -2.1894e+00, -9.2178e-01, -1.8754e+00,
         -1.7801e+00, -1.0455e+00],
        [-1.2423e+00, -3.9998e+00,  2.4577e+00,  5.3253e+00, -4.0076e+00,
         -2.2014e+00, -2.3727e+00,  4.5980e+00, -1.2918e+00,  2.5007e+00,
          1.1210e+00,  1.6527e+00, -1.2618e-01, -1.1776e+00,  2.9068e+00,
         -1.7921e+00, -1.0884e+00, -3.1765e+00,  4.8888e+00, -4.1866e+00,
         -2.7971e+00, -2.5398e-03,  5.5136e+00,  3.8399e+00,  3.9764e+00,
          4.4766e+00,  2.8321e+00],
        [-1.2074e-01, -1.4062e+00,  5.0801e-01,  1.8902e+00, -1.6595e+00,
         -1.0357e+00, -1.1679e+00,  1.9960e+00, -1.0746e+00,  2.1202e+00,
          6.2921e-01,  6.5287e-01, -1.9080e-01,  8.5455e-02,  1.8131e+00,
         -1.4300e+00, -8.3901e-01, -1.3827e+00,  1.1235e+00, -1.8144e+00,
         -1.7576e+00, -2.9242e-01,  2.2884e+00,  1.0983e+00,  2.1812e+00,
          2.1120e+00,  1.3117e+00],
        [-9.3965e-01, -2.1811e+00,  1.7112e+00,  2.8139e+00, -2.5634e+00,
         -1.4577e+00,  2.6735e-01,  1.7489e+00, -5.0445e-01, -3.3240e-01,
          5.7012e-01,  9.3068e-01,  2.5413e-01, -1.3968e+00,  6.5596e-01,
          1.8723e-01, -6.6896e-01, -1.7116e+00,  5.1756e+00, -1.6212e+00,
         -1.1203e+00,  1.1048e-01,  2.4043e+00,  2.9219e+00,  1.2491e+00,
          1.5268e+00,  1.2281e+00],
        [-3.4998e-01, -2.2638e+00,  6.0400e-01,  2.2815e+00, -1.7832e+00,
         -1.6451e+00, -1.2510e+00,  2.1299e+00, -1.1735e+00,  2.5601e+00,
          3.7225e-01,  4.7182e-01, -2.2203e-01, -7.9591e-01,  2.1326e+00,
         -2.3042e+00, -6.7275e-01, -1.7267e+00,  9.6953e-01, -2.2603e+00,
         -2.4063e+00, -1.1383e-01,  2.8045e+00,  1.4100e+00,  2.6153e+00,
          2.0917e+00,  1.8678e+00],
        [ 1.7157e-01,  1.4754e+00, -2.6591e-01, -1.0887e+00,  7.6716e-01,
          1.0810e+00,  1.1568e-01, -6.8211e-01,  1.0283e+00, -2.1538e+00,
          2.0243e-02, -8.8357e-03,  3.9141e-01,  4.1632e-01, -1.4710e+00,
          2.0617e+00,  6.5218e-01,  1.1672e+00,  8.2622e-02,  1.3104e+00,
          2.0793e+00,  3.3480e-01, -1.4578e+00, -5.9298e-01, -1.6811e+00,
         -1.1158e+00, -1.0167e+00],
        [ 6.9220e-01,  4.1507e-01, -1.2885e+00, -1.1994e+00,  1.1728e+00,
          9.6916e-02, -4.0304e-01, -7.7577e-01, -5.8009e-01,  1.8424e+00,
         -4.5088e-01, -8.1612e-01, -2.9477e-02,  2.2514e-01,  5.2084e-01,
         -1.4987e+00,  2.7910e-01,  4.3403e-01, -3.5741e+00,  1.3095e-01,
         -4.0122e-01, -2.5713e-01, -7.4222e-01, -1.4390e+00, -1.9733e-01,
         -1.8768e-01,  3.1254e-02],
        [ 1.4510e+00,  5.8638e+00, -3.0501e+00, -8.1472e+00,  5.5513e+00,
          3.0324e+00,  5.9083e+00, -8.2084e+00,  1.9828e+00, -5.5760e+00,
         -1.7692e+00, -2.3116e+00,  3.7187e-01,  1.0029e+00, -5.1784e+00,
          3.7534e+00,  1.2070e+00,  4.3930e+00, -4.2065e+00,  7.1532e+00,
          4.0743e+00,  6.6766e-02, -9.0375e+00, -4.6801e+00, -6.8929e+00,
         -7.8827e+00, -4.7582e+00],
        [-6.7022e-01, -2.6636e+00,  1.4871e+00,  3.6085e+00, -2.6632e+00,
         -1.4843e+00, -2.0438e+00,  3.3361e+00, -1.2057e+00,  2.5717e+00,
          6.1212e-01,  1.0301e+00, -1.5678e-01, -6.3550e-01,  2.1501e+00,
         -1.9177e+00, -7.6389e-01, -1.9111e+00,  2.0663e+00, -3.1469e+00,
         -2.3939e+00, -2.1054e-02,  4.0343e+00,  2.1944e+00,  3.1224e+00,
          3.2432e+00,  2.1894e+00],
        [-6.4947e-01, -2.5042e+00,  1.1544e+00,  2.5880e+00, -1.8439e+00,
         -1.4921e+00, -2.8521e-01,  1.6729e+00, -7.7961e-01,  1.6477e+00,
          1.6350e-01,  2.7485e-01, -3.0445e-01, -1.1482e+00,  1.3548e+00,
         -1.6972e+00, -5.0996e-01, -1.6880e+00,  2.0397e+00, -2.1780e+00,
         -2.0455e+00, -1.9246e-01,  2.6825e+00,  2.1558e+00,  1.9497e+00,
          1.7853e+00,  1.3627e+00],
        [ 9.5730e-01,  2.6732e+00, -1.6510e+00, -4.0181e+00,  2.8122e+00,
          1.4292e+00,  2.8586e+00, -4.0455e+00,  4.5916e-01, -1.3027e+00,
         -1.0549e+00, -1.2421e+00, -1.3354e-02,  7.0678e-01, -1.9873e+00,
          6.4395e-01,  2.6990e-01,  2.0205e+00, -3.4006e+00,  3.0533e+00,
          9.4777e-01, -1.3156e-01, -4.1346e+00, -2.6649e+00, -2.7988e+00,
         -3.5588e+00, -2.0531e+00],
        [-3.4901e-01, -1.4332e-01,  6.9227e-01,  7.4381e-01,  8.2206e-02,
          4.0717e-01, -9.6097e-01,  5.9178e-01,  5.9501e-01, -5.4168e-01,
          2.0611e-01,  4.9978e-01,  2.1503e-01,  5.8582e-02, -3.5019e-01,
          9.3436e-01,  1.6408e-01,  1.8751e-02,  6.2515e-01, -9.6536e-02,
          8.0085e-01,  4.3361e-01,  3.1677e-01,  9.4812e-02, -2.4517e-01,
          6.6127e-01,  1.1828e-01],
        [-1.4144e+00, -5.8087e+00,  2.8213e+00,  7.2067e+00, -5.6711e+00,
         -3.3675e+00, -2.9267e+00,  6.4249e+00, -2.3715e+00,  4.9727e+00,
          1.5124e+00,  1.9008e+00, -4.5481e-01, -1.4199e+00,  4.7528e+00,
         -4.0869e+00, -1.8573e+00, -4.8941e+00,  5.7054e+00, -6.3258e+00,
         -5.0638e+00, -6.6787e-01,  8.0432e+00,  5.2315e+00,  6.2333e+00,
          6.5102e+00,  4.0533e+00],
        [-4.4245e-01, -4.1418e-02,  9.6331e-01,  7.8055e-01, -9.4255e-01,
          2.5461e-02,  1.4605e-01,  5.4659e-01,  1.6923e-01, -1.4463e+00,
          3.7476e-01,  5.6547e-01,  4.0756e-01, -2.8802e-01, -4.5671e-01,
          1.3690e+00, -2.4831e-01, -2.2461e-01,  2.9782e+00, -2.0962e-01,
          6.7128e-01,  4.1331e-02,  3.4665e-01,  1.1470e+00, -6.8214e-02,
          2.1085e-01, -1.4720e-01],
        [ 1.2728e+00,  4.2232e+00, -2.3881e+00, -5.1747e+00,  3.5893e+00,
          2.2089e+00,  2.6237e+00, -4.4697e+00,  1.4077e+00, -3.1558e+00,
         -6.7845e-01, -1.1054e+00,  2.8050e-01,  1.5538e+00, -2.9135e+00,
          2.6872e+00,  8.3232e-01,  2.9573e+00, -3.3786e+00,  4.5568e+00,
          3.0381e+00,  1.8259e-01, -5.6350e+00, -3.5345e+00, -4.1759e+00,
         -4.4188e+00, -2.9532e+00],
        [-4.5838e-01, -1.0700e+00,  8.1169e-01,  1.6036e+00, -1.4085e+00,
         -7.7580e-01, -9.2853e-01,  1.5653e+00, -4.2505e-01,  2.1844e-01,
          4.2444e-01,  4.5931e-01,  1.9756e-01, -5.4748e-01,  9.2593e-01,
         -1.8006e-01, -2.7687e-01, -1.0893e+00,  2.3268e+00, -1.4037e+00,
         -3.0228e-01, -3.6713e-02,  1.6499e+00,  1.4804e+00,  1.0695e+00,
          1.3167e+00,  7.2860e-01],
        [ 1.0695e-01,  2.1534e+00, -3.2753e-01, -2.5663e+00,  2.0230e+00,
          1.0713e+00,  1.1397e+00, -2.4544e+00,  1.2467e+00, -3.2793e+00,
         -1.6788e-01, -3.7214e-01,  6.2181e-01, -3.5889e-02, -2.2567e+00,
          2.8878e+00,  7.7048e-01,  1.7529e+00,  8.7357e-02,  2.8885e+00,
          2.7640e+00,  6.1167e-01, -3.5228e+00, -1.5240e+00, -2.7859e+00,
         -2.7487e+00, -1.5791e+00],
        [ 7.1570e-01,  3.4064e+00, -1.4963e+00, -4.3310e+00,  3.1495e+00,
          1.8244e+00,  2.2331e+00, -3.9842e+00,  1.2729e+00, -3.0424e+00,
         -9.5559e-01, -1.2574e+00,  1.2740e-01,  7.8927e-01, -2.7141e+00,
          2.3074e+00,  9.4340e-01,  2.7756e+00, -3.0030e+00,  3.7151e+00,
          2.7837e+00,  2.6410e-01, -4.8043e+00, -2.8917e+00, -3.4611e+00,
         -4.0643e+00, -2.5311e+00],
        [ 2.8906e-01,  6.8157e-01, -8.8070e-01, -1.1296e+00,  1.1464e+00,
          4.7434e-01,  3.7749e-01, -9.6546e-01,  4.8944e-01, -2.6833e-01,
         -5.3421e-01, -4.6127e-01, -7.1080e-02,  2.3675e-01, -7.5555e-01,
          1.5159e-01,  7.3194e-01,  8.2001e-01, -1.8975e+00,  8.4412e-01,
          6.6591e-01,  2.8707e-01, -1.0928e+00, -9.5018e-01, -1.2868e+00,
         -9.2318e-01, -3.5543e-01],
        [ 2.4516e+00,  8.5908e+00, -5.2570e+00, -1.1990e+01,  9.1024e+00,
          4.5889e+00,  6.1006e+00, -1.1082e+01,  3.2665e+00, -6.9210e+00,
         -2.4303e+00, -3.4061e+00,  6.6460e-01,  1.8490e+00, -7.0262e+00,
          5.2215e+00,  2.5559e+00,  6.8121e+00, -8.8438e+00,  1.0441e+01,
          6.8218e+00,  4.1899e-01, -1.3153e+01, -8.2438e+00, -9.8583e+00,
         -1.0711e+01, -6.3204e+00]], dtype=torch.float64)

Framework: torch
Final result:
tensor([[ 1.0214e+00,  3.6526e+00, -1.9557e+00, -4.8484e+00,  3.9116e+00,
          1.8687e+00,  2.0476e+00, -4.5745e+00,  1.4051e+00, -2.9912e+00,
         -7.2977e-01, -1.2401e+00,  3.9810e-01,  8.5565e-01, -2.7549e+00,
          2.5002e+00,  8.9004e-01,  2.9106e+00, -3.7135e+00,  4.4869e+00,
          2.9640e+00,  5.2332e-01, -5.6006e+00, -3.5740e+00, -3.9453e+00,
         -4.5128e+00, -2.6799e+00],
        [-1.1061e+00, -3.1873e+00,  2.4158e+00,  4.5180e+00, -4.1921e+00,
         -1.9469e+00, -1.0058e+00,  3.7657e+00, -1.7204e+00,  1.9116e+00,
          8.4034e-01,  1.5665e+00, -3.8142e-02, -1.0527e+00,  2.4513e+00,
         -1.4848e+00, -1.4894e+00, -2.8914e+00,  5.5328e+00, -3.9629e+00,
         -2.8526e+00, -4.4885e-01,  4.9897e+00,  3.9303e+00,  3.6118e+00,
          3.8135e+00,  2.2896e+00],
        [-1.1419e+00, -1.9096e+00,  2.2948e+00,  2.8407e+00, -2.2143e+00,
         -1.0655e+00, -5.7993e-01,  2.0183e+00, -2.7630e-01, -5.5652e-01,
          5.7380e-01,  9.6475e-01,  8.8083e-02, -1.0956e+00,  7.2049e-01,
          3.8760e-01, -6.4867e-01, -1.3990e+00,  4.6467e+00, -1.9230e+00,
         -6.6558e-01,  1.5655e-01,  2.4403e+00,  2.6391e+00,  1.7224e+00,
          1.7054e+00,  9.7935e-01],
        [-2.6615e-01, -2.8805e-01,  4.8286e-01,  6.6675e-01, -2.7093e-01,
         -3.3067e-01, -1.1525e+00,  7.9024e-01,  3.2562e-02, -2.8000e-03,
          3.2371e-01,  1.3426e-01,  1.1260e-01, -4.0519e-01,  5.2729e-03,
          2.4614e-01,  3.0565e-01,  2.2075e-01,  9.2924e-02, -3.8372e-01,
          3.5618e-01,  5.1902e-01,  3.9396e-01,  1.7047e-01,  3.0357e-01,
          3.9170e-01,  5.2559e-01],
        [ 2.2122e-01,  7.7441e-01, -3.9302e-01, -1.1947e+00,  1.0591e+00,
          1.8091e-01,  5.4739e-01, -1.1826e+00,  2.9583e-01, -5.1106e-01,
         -2.2676e-01, -4.0531e-01, -8.6520e-04, -2.0177e-02, -5.9617e-01,
          3.0313e-01,  2.4014e-01,  7.7681e-01, -1.2339e+00,  1.0056e+00,
          4.7503e-01,  3.1421e-01, -1.3604e+00, -8.8531e-01, -7.9938e-01,
         -1.2427e+00, -4.4998e-01],
        [-4.0218e-01, -4.2084e-01,  1.0179e+00,  8.0635e-01, -1.0002e+00,
         -2.9148e-01,  6.2368e-01,  2.7887e-01, -4.2450e-02, -1.1523e+00,
         -2.5814e-02,  3.0650e-01,  3.3080e-01, -6.9336e-01, -5.1787e-01,
          7.2888e-01, -3.0296e-01, -1.9554e-01,  2.6239e+00, -3.8750e-01,
          5.0527e-02,  8.9426e-02,  4.5574e-01,  1.1678e+00,  4.5380e-02,
         -2.0660e-01,  1.3105e-01],
        [ 2.3538e-01,  1.3012e+00, -3.7528e-01, -1.6216e+00,  8.8576e-01,
          5.7026e-01,  1.7607e+00, -1.8127e+00,  5.4105e-01, -1.6943e+00,
         -2.6840e-01, -2.9462e-01,  1.1834e-01,  2.9070e-01, -1.3791e+00,
          1.4266e+00,  1.1971e-01,  1.0497e+00,  1.3193e-01,  1.6633e+00,
          9.5558e-01,  1.2103e-01, -1.9734e+00, -6.8628e-01, -1.6159e+00,
         -1.8574e+00, -1.0052e+00],
        [ 1.1322e-02,  1.4062e+00, -3.0790e-01, -1.5152e+00,  1.3452e+00,
          7.0902e-01,  4.4224e-01, -1.3392e+00,  1.0146e+00, -2.3265e+00,
         -2.1631e-01, -3.5430e-01,  5.0164e-01, -1.1790e-01, -1.6205e+00,
          1.9705e+00,  7.8435e-01,  1.2432e+00,  5.2908e-02,  1.7264e+00,
          2.0860e+00,  4.5579e-01, -2.1894e+00, -9.2178e-01, -1.8754e+00,
         -1.7801e+00, -1.0455e+00],
        [-1.2423e+00, -3.9998e+00,  2.4577e+00,  5.3253e+00, -4.0076e+00,
         -2.2014e+00, -2.3727e+00,  4.5980e+00, -1.2918e+00,  2.5007e+00,
          1.1210e+00,  1.6527e+00, -1.2618e-01, -1.1776e+00,  2.9068e+00,
         -1.7921e+00, -1.0884e+00, -3.1765e+00,  4.8888e+00, -4.1866e+00,
         -2.7971e+00, -2.5398e-03,  5.5136e+00,  3.8399e+00,  3.9764e+00,
          4.4766e+00,  2.8321e+00],
        [-1.2074e-01, -1.4062e+00,  5.0801e-01,  1.8902e+00, -1.6595e+00,
         -1.0357e+00, -1.1679e+00,  1.9960e+00, -1.0746e+00,  2.1202e+00,
          6.2921e-01,  6.5287e-01, -1.9080e-01,  8.5455e-02,  1.8131e+00,
         -1.4300e+00, -8.3901e-01, -1.3827e+00,  1.1235e+00, -1.8144e+00,
         -1.7576e+00, -2.9242e-01,  2.2884e+00,  1.0983e+00,  2.1812e+00,
          2.1120e+00,  1.3117e+00],
        [-9.3965e-01, -2.1811e+00,  1.7112e+00,  2.8139e+00, -2.5634e+00,
         -1.4577e+00,  2.6735e-01,  1.7489e+00, -5.0445e-01, -3.3240e-01,
          5.7012e-01,  9.3068e-01,  2.5413e-01, -1.3968e+00,  6.5596e-01,
          1.8723e-01, -6.6896e-01, -1.7116e+00,  5.1756e+00, -1.6212e+00,
         -1.1203e+00,  1.1048e-01,  2.4043e+00,  2.9219e+00,  1.2491e+00,
          1.5268e+00,  1.2281e+00],
        [-3.4998e-01, -2.2638e+00,  6.0400e-01,  2.2815e+00, -1.7832e+00,
         -1.6451e+00, -1.2510e+00,  2.1299e+00, -1.1735e+00,  2.5601e+00,
          3.7225e-01,  4.7182e-01, -2.2203e-01, -7.9591e-01,  2.1326e+00,
         -2.3042e+00, -6.7275e-01, -1.7267e+00,  9.6953e-01, -2.2603e+00,
         -2.4063e+00, -1.1383e-01,  2.8045e+00,  1.4100e+00,  2.6153e+00,
          2.0917e+00,  1.8678e+00],
        [ 1.7157e-01,  1.4754e+00, -2.6591e-01, -1.0887e+00,  7.6716e-01,
          1.0810e+00,  1.1568e-01, -6.8211e-01,  1.0283e+00, -2.1538e+00,
          2.0243e-02, -8.8357e-03,  3.9141e-01,  4.1632e-01, -1.4710e+00,
          2.0617e+00,  6.5218e-01,  1.1672e+00,  8.2622e-02,  1.3104e+00,
          2.0793e+00,  3.3480e-01, -1.4578e+00, -5.9298e-01, -1.6811e+00,
         -1.1158e+00, -1.0167e+00],
        [ 6.9220e-01,  4.1507e-01, -1.2885e+00, -1.1994e+00,  1.1728e+00,
          9.6916e-02, -4.0304e-01, -7.7577e-01, -5.8009e-01,  1.8424e+00,
         -4.5088e-01, -8.1612e-01, -2.9477e-02,  2.2514e-01,  5.2084e-01,
         -1.4987e+00,  2.7910e-01,  4.3403e-01, -3.5741e+00,  1.3095e-01,
         -4.0122e-01, -2.5713e-01, -7.4222e-01, -1.4390e+00, -1.9733e-01,
         -1.8768e-01,  3.1254e-02],
        [ 1.4510e+00,  5.8638e+00, -3.0501e+00, -8.1472e+00,  5.5513e+00,
          3.0324e+00,  5.9083e+00, -8.2084e+00,  1.9828e+00, -5.5760e+00,
         -1.7692e+00, -2.3116e+00,  3.7187e-01,  1.0029e+00, -5.1784e+00,
          3.7534e+00,  1.2070e+00,  4.3930e+00, -4.2065e+00,  7.1532e+00,
          4.0743e+00,  6.6766e-02, -9.0375e+00, -4.6801e+00, -6.8929e+00,
         -7.8827e+00, -4.7582e+00],
        [-6.7022e-01, -2.6636e+00,  1.4871e+00,  3.6085e+00, -2.6632e+00,
         -1.4843e+00, -2.0438e+00,  3.3361e+00, -1.2057e+00,  2.5717e+00,
          6.1212e-01,  1.0301e+00, -1.5678e-01, -6.3550e-01,  2.1501e+00,
         -1.9177e+00, -7.6389e-01, -1.9111e+00,  2.0663e+00, -3.1469e+00,
         -2.3939e+00, -2.1054e-02,  4.0343e+00,  2.1944e+00,  3.1224e+00,
          3.2432e+00,  2.1894e+00],
        [-6.4947e-01, -2.5042e+00,  1.1544e+00,  2.5880e+00, -1.8439e+00,
         -1.4921e+00, -2.8521e-01,  1.6729e+00, -7.7961e-01,  1.6477e+00,
          1.6350e-01,  2.7485e-01, -3.0445e-01, -1.1482e+00,  1.3548e+00,
         -1.6972e+00, -5.0996e-01, -1.6880e+00,  2.0397e+00, -2.1780e+00,
         -2.0455e+00, -1.9246e-01,  2.6825e+00,  2.1558e+00,  1.9497e+00,
          1.7853e+00,  1.3627e+00],
        [ 9.5730e-01,  2.6732e+00, -1.6510e+00, -4.0181e+00,  2.8122e+00,
          1.4292e+00,  2.8586e+00, -4.0455e+00,  4.5916e-01, -1.3027e+00,
         -1.0549e+00, -1.2421e+00, -1.3354e-02,  7.0678e-01, -1.9873e+00,
          6.4395e-01,  2.6990e-01,  2.0205e+00, -3.4006e+00,  3.0533e+00,
          9.4777e-01, -1.3156e-01, -4.1346e+00, -2.6649e+00, -2.7988e+00,
         -3.5588e+00, -2.0531e+00],
        [-3.4901e-01, -1.4332e-01,  6.9227e-01,  7.4381e-01,  8.2206e-02,
          4.0717e-01, -9.6097e-01,  5.9178e-01,  5.9501e-01, -5.4168e-01,
          2.0611e-01,  4.9978e-01,  2.1503e-01,  5.8582e-02, -3.5019e-01,
          9.3436e-01,  1.6408e-01,  1.8751e-02,  6.2515e-01, -9.6536e-02,
          8.0085e-01,  4.3361e-01,  3.1677e-01,  9.4812e-02, -2.4517e-01,
          6.6127e-01,  1.1828e-01],
        [-1.4144e+00, -5.8087e+00,  2.8213e+00,  7.2067e+00, -5.6711e+00,
         -3.3675e+00, -2.9267e+00,  6.4249e+00, -2.3715e+00,  4.9727e+00,
          1.5124e+00,  1.9008e+00, -4.5481e-01, -1.4199e+00,  4.7528e+00,
         -4.0869e+00, -1.8573e+00, -4.8941e+00,  5.7054e+00, -6.3258e+00,
         -5.0638e+00, -6.6787e-01,  8.0432e+00,  5.2315e+00,  6.2333e+00,
          6.5102e+00,  4.0533e+00],
        [-4.4245e-01, -4.1418e-02,  9.6331e-01,  7.8055e-01, -9.4255e-01,
          2.5461e-02,  1.4605e-01,  5.4659e-01,  1.6923e-01, -1.4463e+00,
          3.7476e-01,  5.6547e-01,  4.0756e-01, -2.8802e-01, -4.5671e-01,
          1.3690e+00, -2.4831e-01, -2.2461e-01,  2.9782e+00, -2.0962e-01,
          6.7128e-01,  4.1331e-02,  3.4665e-01,  1.1470e+00, -6.8214e-02,
          2.1085e-01, -1.4720e-01],
        [ 1.2728e+00,  4.2232e+00, -2.3881e+00, -5.1747e+00,  3.5893e+00,
          2.2089e+00,  2.6237e+00, -4.4697e+00,  1.4077e+00, -3.1558e+00,
         -6.7845e-01, -1.1054e+00,  2.8050e-01,  1.5538e+00, -2.9135e+00,
          2.6872e+00,  8.3232e-01,  2.9573e+00, -3.3786e+00,  4.5568e+00,
          3.0381e+00,  1.8259e-01, -5.6350e+00, -3.5345e+00, -4.1759e+00,
         -4.4188e+00, -2.9532e+00],
        [-4.5838e-01, -1.0700e+00,  8.1169e-01,  1.6036e+00, -1.4085e+00,
         -7.7580e-01, -9.2853e-01,  1.5653e+00, -4.2505e-01,  2.1844e-01,
          4.2444e-01,  4.5931e-01,  1.9756e-01, -5.4748e-01,  9.2593e-01,
         -1.8006e-01, -2.7687e-01, -1.0893e+00,  2.3268e+00, -1.4037e+00,
         -3.0228e-01, -3.6713e-02,  1.6499e+00,  1.4804e+00,  1.0695e+00,
          1.3167e+00,  7.2860e-01],
        [ 1.0695e-01,  2.1534e+00, -3.2753e-01, -2.5663e+00,  2.0230e+00,
          1.0713e+00,  1.1397e+00, -2.4544e+00,  1.2467e+00, -3.2793e+00,
         -1.6788e-01, -3.7214e-01,  6.2181e-01, -3.5889e-02, -2.2567e+00,
          2.8878e+00,  7.7048e-01,  1.7529e+00,  8.7357e-02,  2.8885e+00,
          2.7640e+00,  6.1167e-01, -3.5228e+00, -1.5240e+00, -2.7859e+00,
         -2.7487e+00, -1.5791e+00],
        [ 7.1570e-01,  3.4064e+00, -1.4963e+00, -4.3310e+00,  3.1495e+00,
          1.8244e+00,  2.2331e+00, -3.9842e+00,  1.2729e+00, -3.0424e+00,
         -9.5559e-01, -1.2574e+00,  1.2740e-01,  7.8927e-01, -2.7141e+00,
          2.3074e+00,  9.4340e-01,  2.7756e+00, -3.0030e+00,  3.7151e+00,
          2.7837e+00,  2.6410e-01, -4.8043e+00, -2.8917e+00, -3.4611e+00,
         -4.0643e+00, -2.5311e+00],
        [ 2.8906e-01,  6.8157e-01, -8.8070e-01, -1.1296e+00,  1.1464e+00,
          4.7434e-01,  3.7749e-01, -9.6546e-01,  4.8944e-01, -2.6833e-01,
         -5.3421e-01, -4.6127e-01, -7.1080e-02,  2.3675e-01, -7.5555e-01,
          1.5159e-01,  7.3194e-01,  8.2001e-01, -1.8975e+00,  8.4412e-01,
          6.6591e-01,  2.8707e-01, -1.0928e+00, -9.5018e-01, -1.2868e+00,
         -9.2318e-01, -3.5543e-01],
        [ 2.4516e+00,  8.5908e+00, -5.2570e+00, -1.1990e+01,  9.1024e+00,
          4.5889e+00,  6.1006e+00, -1.1082e+01,  3.2665e+00, -6.9210e+00,
         -2.4303e+00, -3.4061e+00,  6.6460e-01,  1.8490e+00, -7.0262e+00,
          5.2215e+00,  2.5559e+00,  6.8121e+00, -8.8438e+00,  1.0441e+01,
          6.8218e+00,  4.1899e-01, -1.3153e+01, -8.2438e+00, -9.8583e+00,
         -1.0711e+01, -6.3204e+00]], dtype=torch.float64)