Framework: tf
Initial concrete seed values:
x0: shape=(4, 4)
[[0.44826101 0.35039442 0.24892148 0.2501681 ]
 [0.35039442 0.27389665 0.19459762 0.19553071]
 [0.24892148 0.19459762 0.13848331 0.13868894]
 [0.2501681  0.19553071 0.13868894 0.13982341]]

x1: shape=(4, 4)
[[-0.29811041  1.07756589  1.34261282 -0.60826419]
 [-0.97677139  0.93187338 -0.75525703 -1.11249945]
 [-0.53463824 -0.59067432 -1.09880226  1.93570204]
 [ 0.34765741  1.58735921 -0.4191683   1.54752585]]

x2: shape=(4, 4)
[[-0.7138867   0.40749671  1.98859718  0.80341801]
 [ 1.73919698 -0.80583676  0.60533441  1.21709054]
 [ 1.18375123  1.3211523   0.15110861  0.39835895]
 [ 1.40988729 -1.51589935  0.74832396 -0.61400764]]

x3: shape=(4, 4)
[[ 1.18021151  1.94190591 -0.41220738 -1.90986983]
 [-0.21241854 -1.22935973  0.93616789  1.0229104 ]
 [ 1.17080839 -1.28359142 -0.67651529  1.955693  ]
 [ 0.55577515  1.74356659 -0.70162663 -0.06649555]]

x4: shape=(4, 4)
[[0.7100064  0.         0.         0.        ]
 [0.         0.83263957 0.         0.        ]
 [0.         0.         0.8861316  0.        ]
 [0.         0.         0.         1.24672587]]

x5: shape=(17, 17)
[[-0.21140177  0.26607835  0.3488155   0.02879383 -0.09108164  0.02309595
  -0.09675387  0.15257332  0.01264597  0.03110811  0.14273466 -0.07135095
  -0.37170715 -0.20081534  0.61014837 -0.07389326 -0.37109975]
 [-0.58856114  0.09251616 -0.4471542   0.29231034  0.04618347  0.46978244
  -0.15634507 -0.09078392  0.21549474 -0.09958248 -0.02135757  0.01974286
  -0.00294834  0.04136861  0.08547048  0.16694388  0.10017124]
 [ 0.11981396  0.12972587 -0.57908773 -0.20707828 -0.09492142 -0.2241788
  -0.42800031 -0.13518747 -0.35063624  0.37558641  0.01310132 -0.15636926
  -0.06712103 -0.04015407  0.13175991  0.0555732  -0.12109963]
 [ 0.16741919  0.23504408 -0.21669842 -0.21640841 -0.18108636 -0.06354016
   0.19056661  0.10339433  0.1227145  -0.14873333  0.43989866  0.32529304
   0.05028955 -0.22207831  0.28797647  0.09612749  0.50850078]
 [-0.32064264 -0.06295902 -0.15390072  0.23165731 -0.15243503 -0.32019006
   0.3396926  -0.36446146 -0.19787048 -0.05897785  0.22302664  0.05559224
  -0.25698587 -0.11918287 -0.17397162 -0.48550747 -0.01414825]
 [-0.17321182  0.25056542  0.14464662 -0.19330077  0.52632503 -0.33571737
  -0.21324629 -0.289936    0.28194479  0.08404965 -0.25920738  0.11899934
  -0.03886022  0.06436942  0.11566535 -0.20801257  0.31536961]
 [-0.20861198 -0.10789421  0.24591549  0.43258847 -0.1563422  -0.22905574
  -0.29367404  0.23036611 -0.36824565  0.1199487  -0.16925864  0.14051154
   0.2351577  -0.26717452  0.05057424  0.08767675  0.38170591]
 [ 0.0832383  -0.38367699 -0.0465125   0.12042694  0.3128642   0.02345065
   0.25680628 -0.22168594 -0.24215725 -0.07047745  0.07347422 -0.33391657
   0.21309194  0.15990899  0.58518426  0.03625388  0.14293098]
 [-0.10891265 -0.22020298  0.02947773  0.06230906  0.31319004 -0.0401862
   0.05440847 -0.02695531  0.1934862   0.52221629  0.42700961  0.30298295
   0.29445734 -0.22071948 -0.0570167   0.12355056 -0.30542926]
 [-0.17011796 -0.15491352  0.13572639 -0.25806808 -0.11069056  0.12413742
  -0.44667638  0.05139873 -0.12049294 -0.20413003  0.38555291  0.11365663
   0.29628592  0.38225532  0.01704802 -0.42410281 -0.02004923]
 [-0.39269555  0.03437079  0.0952449  -0.32242299 -0.49642609 -0.22256585
   0.27641267 -0.13553476  0.16294155  0.19514563 -0.20112828 -0.12863249
   0.36622557  0.17785986  0.11505739  0.19413144 -0.05021404]
 [-0.20444647  0.13490039  0.12818656 -0.20375298  0.15030005  0.10723586
   0.02088856  0.16331825 -0.03362686  0.12681416  0.30127619 -0.69033956
   0.02209668 -0.27999617 -0.28804136 -0.03620078  0.27045248]
 [-0.11825174  0.35635122  0.19202337  0.08603214  0.16419334 -0.13368037
   0.06271309 -0.12711152 -0.3710193  -0.07135097  0.30535838  0.09084997
  -0.12437156  0.44610482 -0.16370402  0.513921   -0.01415408]
 [-0.35529285 -0.42404147 -0.15734661 -0.42393811  0.22690256 -0.20294995
   0.07555492  0.39564302 -0.15893317 -0.22976532 -0.10749448  0.151388
  -0.27610629 -0.07956194 -0.01932978  0.19048523 -0.05301558]
 [-0.00786125  0.02099083  0.14394914 -0.23210714  0.01586866  0.14652852
  -0.13790531 -0.52370281 -0.20000726 -0.40356633 -0.0611669   0.07369313
   0.21119462 -0.52753352 -0.0606178   0.19669156 -0.18055456]
 [ 0.05443329 -0.4687363   0.21687015 -0.04901012 -0.2577198   0.06441935
  -0.25564107 -0.34820886  0.22159704  0.17640198  0.15443614 -0.03329239
  -0.47514338  0.05289753 -0.02151522  0.24728104  0.27452781]
 [-0.05663388  0.06444974  0.12105877 -0.26831263  0.02650679  0.54175046
   0.24556868 -0.06156016 -0.41333701  0.41907315 -0.19978239  0.28322184
  -0.12395318  0.02078571  0.02054356 -0.17886312  0.18136771]]

x6: shape=(17, 17)
[[ 2.43039254e+01  5.89153326e+00  4.08266517e+00 -1.25685654e+01
  -1.94890807e+00 -1.03784723e+01  4.73781934e-01  1.58017223e+01
   9.66693431e+00  6.37334040e+00 -6.42273365e-01 -6.71682664e-01
  -4.23222246e+00 -3.48493530e+00 -6.95259058e+00 -9.29346625e+00
   8.35316404e-01]
 [ 5.89153326e+00  3.05908439e+01  5.40904130e-01 -5.42433357e+00
   1.09018532e+01 -3.60626235e-01  6.76940605e+00 -9.96202981e-02
  -1.36989873e+00  1.21700433e+01 -5.69775639e+00  1.04904625e+01
   5.23165142e+00 -2.65853926e+00 -4.99328155e+00 -3.64383127e+00
   2.94606351e+00]
 [ 4.08266517e+00  5.40904130e-01  2.08996872e+01  5.24865884e+00
  -5.36840853e-01  8.55905702e-01  5.17253622e+00  2.19593781e+00
  -3.94493048e+00  1.70671980e+00 -9.36348098e+00  6.24043878e+00
  -1.24431915e+00  6.77468649e+00  1.63362322e+00  3.72806579e+00
  -3.31694450e+00]
 [-1.25685654e+01 -5.42433357e+00  5.24865884e+00  2.80305392e+01
  -3.21498071e-01 -1.47802891e+00  1.06769321e+01 -8.13244208e+00
  -1.70212971e+00 -7.19337752e+00 -6.03715729e+00  5.99903696e+00
  -4.46003929e+00 -5.67773029e-02  6.03360397e+00  1.18424233e+01
  -1.54393183e+01]
 [-1.94890807e+00  1.09018532e+01 -5.36840853e-01 -3.21498071e-01
   1.94126536e+01 -5.22370067e+00  2.37539622e+00 -1.18280699e+00
  -4.24024602e+00  6.67328891e+00  3.66557871e+00  4.03059660e+00
   4.20569393e+00  4.99994711e+00  3.73161380e+00 -6.72627615e+00
   1.62549676e+00]
 [-1.03784723e+01 -3.60626235e-01  8.55905702e-01 -1.47802891e+00
  -5.22370067e+00  2.50404374e+01 -8.61113949e-01 -6.48776207e+00
  -5.10463472e+00 -6.00094475e+00  4.09633276e+00 -1.54740968e-01
   5.16071769e+00  1.81127858e-01 -2.08743865e+00  1.10677024e+00
   3.05290446e+00]
 [ 4.73781934e-01  6.76940605e+00  5.17253622e+00  1.06769321e+01
   2.37539622e+00 -8.61113949e-01  2.68990858e+01 -1.32138559e+00
  -8.24695882e-01  8.30363646e+00 -9.05942586e+00  1.15530290e+01
   6.16621466e+00 -5.69726470e+00 -8.45820756e+00 -1.82905520e+00
  -1.01732278e+00]
 [ 1.58017223e+01 -9.96202981e-02  2.19593781e+00 -8.13244208e+00
  -1.18280699e+00 -6.48776207e+00 -1.32138559e+00  2.48624424e+01
   1.54959680e+01  3.23773286e+00 -4.43691306e+00 -4.13222475e+00
  -9.22825727e+00 -5.90043285e-01  4.36111319e-01 -9.36179717e-01
  -7.48195166e+00]
 [ 9.66693431e+00 -1.36989873e+00 -3.94493048e+00 -1.70212971e+00
  -4.24024602e+00 -5.10463472e+00 -8.24695882e-01  1.54959680e+01
   2.05517160e+01 -4.27383608e+00 -3.40270263e+00 -8.57195954e+00
  -6.22098986e+00 -6.60054854e+00 -1.62112486e+00  7.69302299e-01
  -8.01009357e+00]
 [ 6.37334040e+00  1.21700433e+01  1.70671980e+00 -7.19337752e+00
   6.67328891e+00 -6.00094475e+00  8.30363646e+00  3.23773286e+00
  -4.27383608e+00  2.22686803e+01  2.00792128e-02  6.83062742e+00
   6.04563120e+00  4.54048577e+00 -5.25687616e+00 -4.01228067e+00
   1.21197087e+01]
 [-6.42273365e-01 -5.69775639e+00 -9.36348098e+00 -6.03715729e+00
   3.66557871e+00  4.09633276e+00 -9.05942586e+00 -4.43691306e+00
  -3.40270263e+00  2.00792128e-02  2.59484635e+01 -7.03449397e+00
  -4.52942560e-01 -3.58901645e+00  4.33116199e+00 -1.11805087e+01
   7.98052586e+00]
 [-6.71682664e-01  1.04904625e+01  6.24043878e+00  5.99903696e+00
   4.03059660e+00 -1.54740968e-01  1.15530290e+01 -4.13222475e+00
  -8.57195954e+00  6.83062742e+00 -7.03449397e+00  3.07629318e+01
   9.36431337e+00 -2.09676970e+00 -3.69935365e+00  7.10545733e+00
   3.10107063e+00]
 [-4.23222246e+00  5.23165142e+00 -1.24431915e+00 -4.46003929e+00
   4.20569393e+00  5.16071769e+00  6.16621466e+00 -9.22825727e+00
  -6.22098986e+00  6.04563120e+00 -4.52942560e-01  9.36431337e+00
   1.92172136e+01  4.82264431e+00 -6.94895021e+00 -4.07402630e+00
   1.79742506e+01]
 [-3.48493530e+00 -2.65853926e+00  6.77468649e+00 -5.67773029e-02
   4.99994711e+00  1.81127858e-01 -5.69726470e+00 -5.90043285e-01
  -6.60054854e+00  4.54048577e+00 -3.58901645e+00 -2.09676970e+00
   4.82264431e+00  2.31168879e+01  7.91492157e+00  2.69304846e+00
   1.06070200e+01]
 [-6.95259058e+00 -4.99328155e+00  1.63362322e+00  6.03360397e+00
   3.73161380e+00 -2.08743865e+00 -8.45820756e+00  4.36111319e-01
  -1.62112486e+00 -5.25687616e+00  4.33116199e+00 -3.69935365e+00
  -6.94895021e+00  7.91492157e+00  2.15763475e+01  7.41470339e+00
  -1.79359142e+00]
 [-9.29346625e+00 -3.64383127e+00  3.72806579e+00  1.18424233e+01
  -6.72627615e+00  1.10677024e+00 -1.82905520e+00 -9.36179717e-01
   7.69302299e-01 -4.01228067e+00 -1.11805087e+01  7.10545733e+00
  -4.07402630e+00  2.69304846e+00  7.41470339e+00  2.15067775e+01
  -6.25115296e+00]
 [ 8.35316404e-01  2.94606351e+00 -3.31694450e+00 -1.54393183e+01
   1.62549676e+00  3.05290446e+00 -1.01732278e+00 -7.48195166e+00
  -8.01009357e+00  1.21197087e+01  7.98052586e+00  3.10107063e+00
   1.79742506e+01  1.06070200e+01 -1.79359142e+00 -6.25115296e+00
   3.47814306e+01]]

x7: shape=(17, 17)
[[ 26.408083    12.7815394   14.06520423   9.28816143  -3.33861252
    4.00144052   0.53959081  -1.72063457   2.51742188  -2.31806952
   -9.94692377   1.32544195   2.85945433   0.9774353   -6.37811498
   11.68061258  -2.01697592]
 [ 12.7815394   26.39748528  16.28369425   4.00571634  -2.39925914
   -2.30788051   6.07650154   4.23876713  -1.62551748   5.4121709
   -5.80216392   2.38846198   7.75628505   0.86958382  -3.57003103
    7.16664734  -5.01111963]
 [ 14.06520423  16.28369425  26.22060958   5.82596254  -4.75004256
    1.27757061   6.29470744  -3.51696723  -3.97825109   2.06972074
   -4.46093233  -1.12222752   5.41252512  -6.61441571  -0.19165192
    5.15849959  -5.5934708 ]
 [  9.28816143   4.00571634   5.82596254  21.66175365  -5.25488181
    2.24737998   4.59230069  -7.99336282   3.02915199  11.40824602
   -3.92572636  -2.79123348  -2.09748572  -0.56041231   0.42801342
   14.13706041  -8.89229101]
 [ -3.33861252  -2.39925914  -4.75004256  -5.25488181  26.61763371
    6.50556731 -13.3079241    2.39974468   1.16119632  -2.46213405
   -4.11908129   9.82034603   4.45329903  -4.99921748  -0.2927789
   -2.68124882   2.35401826]
 [  4.00144052  -2.30788051   1.27757061   2.24737998   6.50556731
   20.53034348  -2.5851492   -7.05543377   6.31580893  -7.08971862
   -3.32226107 -12.37577465  -9.14667863  -1.13341583   0.72344462
    4.99627824   2.28226054]
 [  0.53959081   6.07650154   6.29470744   4.59230069 -13.3079241
   -2.5851492   32.65498525   4.5866417  -10.3393089    4.77972512
   -1.43993333 -13.743831     4.64830285   1.02376442  -9.93443194
   11.3486627  -11.19218465]
 [ -1.72063457   4.23876713  -3.51696723  -7.99336282   2.39974468
   -7.05543377   4.5866417   16.27231929 -10.46683824   0.15286054
    3.50657777   2.90743217  13.15172025  -0.53191634 -11.97898605
   -1.3615869    2.36009311]
 [  2.51742188  -1.62551748  -3.97825109   3.02915199   1.16119632
    6.31580893 -10.3393089  -10.46683824  22.03329123   2.02177858
   -1.20518977   2.16547502 -12.23828228   4.32358628  10.29192757
   -4.22776366   0.05073203]
 [ -2.31806952   5.4121709    2.06972074  11.40824602  -2.46213405
   -7.08971862   4.77972512   0.15286054   2.02177858  21.55234205
    0.25113554   1.40855022   4.99166476  -0.45576019   3.24746975
    5.33193782  -6.93160982]
 [ -9.94692377  -5.80216392  -4.46093233  -3.92572636  -4.11908129
   -3.32226107  -1.43993333   3.50657777  -1.20518977   0.25113554
   18.79847187  -6.24749805  -5.03840433  -4.18722667   4.65499986
   -9.40919118   2.19617895]
 [  1.32544195   2.38846198  -1.12222752  -2.79123348   9.82034603
  -12.37577465 -13.743831     2.90743217   2.16547502   1.40855022
   -6.24749805  32.40905048   8.65317305  -1.48865461  -3.40785717
  -11.33219527  -1.93215027]
 [  2.85945433   7.75628505   5.41252512  -2.09748572   4.45329903
   -9.14667863   4.64830285  13.15172025 -12.23828228   4.99166476
   -5.03840433   8.65317305  23.13022934   0.82648255  -8.59907014
    7.34957659   1.27535007]
 [  0.9774353    0.86958382  -6.61441571  -0.56041231  -4.99921748
   -1.13341583   1.02376442  -0.53191634   4.32358628  -0.45576019
   -4.18722667  -1.48865461   0.82648255  30.48812796   9.0763849
    2.24513643  -4.97686026]
 [ -6.37811498  -3.57003103  -0.19165192   0.42801342  -0.2927789
    0.72344462  -9.93443194 -11.97898605  10.29192757   3.24746975
    4.65499986  -3.40785717  -8.59907014   9.0763849   26.05916165
   -2.33478248   2.21045904]
 [ 11.68061258   7.16664734   5.15849959  14.13706041  -2.68124882
    4.99627824  11.3486627   -1.3615869   -4.22776366   5.33193782
   -9.40919118 -11.33219527   7.34957659   2.24513643  -2.33478248
   27.99907157   0.81309716]
 [ -2.01697592  -5.01111963  -5.5934708   -8.89229101   2.35401826
    2.28226054 -11.19218465   2.36009311   0.05073203  -6.93160982
    2.19617895  -1.93215027   1.27535007  -4.97686026   2.21045904
    0.81309716  17.61556517]]

x8: shape=(17, 17)
[[ 1.87861794e+01  2.28067396e+00  2.33893229e-01  1.19294812e+00
  -1.61924546e+00  6.00985286e+00 -9.93003411e+00 -3.93278990e+00
   1.37639014e+00  4.04794251e+00  7.72465147e+00 -6.75210023e+00
  -5.08407429e+00  1.65099970e+00 -6.02614992e+00  1.23585674e+00
   1.64033019e+00]
 [ 2.28067396e+00  2.13551525e+01  6.18190036e-01 -4.46818913e+00
  -2.28071330e+00 -9.90875667e-02 -2.01881651e+00  2.77628732e+00
  -7.93404279e-01  8.67678509e+00  1.04394929e+00  1.17828558e+00
  -1.07521773e+01  9.11587610e+00 -5.10873336e+00 -1.35938794e+00
   1.87579296e+00]
 [ 2.33893229e-01  6.18190036e-01  2.37112876e+01  1.27328314e+00
   2.65588838e+00  5.36844752e+00  1.51119934e+00  7.74369059e+00
   1.47207585e+00 -8.89289239e-03 -5.50176144e+00  8.47310255e+00
   3.17764229e+00 -1.81739403e-01  6.19569583e-01  3.15176841e+00
  -2.23456797e+00]
 [ 1.19294812e+00 -4.46818913e+00  1.27328314e+00  2.29653580e+01
  -2.15499913e+00  4.76837874e+00  2.85753691e+00  1.22643158e+00
  -7.67655178e-01 -3.77134826e-01 -4.42946388e+00  2.80230523e+00
  -1.92336729e+00 -1.98265669e+00 -7.42903791e+00 -2.80285069e+00
   6.71112545e+00]
 [-1.61924546e+00 -2.28071330e+00  2.65588838e+00 -2.15499913e+00
   2.05191807e+01 -3.63358319e+00 -3.70287862e+00 -1.18008333e+00
   5.35753745e+00 -4.42066572e+00  2.30303932e+00  2.95352178e+00
   9.98755086e+00  5.01677546e+00  4.99583513e+00  2.92959432e-01
   8.20008976e+00]
 [ 6.00985286e+00 -9.90875667e-02  5.36844752e+00  4.76837874e+00
  -3.63358319e+00  1.23422522e+01 -4.01829678e+00 -7.40338447e+00
  -5.31612963e+00  4.62962280e+00 -2.27959540e+00 -1.86353921e+00
  -3.76276443e+00 -3.36169734e+00 -4.41983838e+00 -3.10680908e-01
  -3.66097623e-01]
 [-9.93003411e+00 -2.01881651e+00  1.51119934e+00  2.85753691e+00
  -3.70287862e+00 -4.01829678e+00  2.20216719e+01  3.17015842e+00
  -2.31123637e+00 -9.73440486e-01 -5.39112092e+00  4.45796795e+00
   6.74145591e+00  7.94957496e-02  2.93488447e-01  7.22808426e+00
   2.90585295e+00]
 [-3.93278990e+00  2.77628732e+00  7.74369059e+00  1.22643158e+00
  -1.18008333e+00 -7.40338447e+00  3.17015842e+00  3.06016466e+01
   6.63123919e+00  3.13458705e+00 -5.47292544e-01  8.36103332e+00
  -1.18619008e+00 -1.83550584e+00 -4.13140871e-01 -5.91050124e+00
   9.28882305e-01]
 [ 1.37639014e+00 -7.93404279e-01  1.47207585e+00 -7.67655178e-01
   5.35753745e+00 -5.31612963e+00 -2.31123637e+00  6.63123919e+00
   2.58906830e+01  9.22274299e+00  4.21713675e+00 -1.81301299e+00
  -3.37092370e+00 -4.84570905e+00  4.82230261e+00 -8.17025977e+00
   8.92583786e+00]
 [ 4.04794251e+00  8.67678509e+00 -8.89289239e-03 -3.77134826e-01
  -4.42066572e+00  4.62962280e+00 -9.73440486e-01  3.13458705e+00
   9.22274299e+00  2.82412207e+01            -inf -2.24540660e+00
  -1.41214334e+01 -9.12524164e+00 -3.35980206e+00 -9.16854581e-01
  -4.15382163e+00]
 [ 7.72465147e+00  1.04394929e+00 -5.50176144e+00 -4.42946388e+00
   2.30303932e+00 -2.27959540e+00 -5.39112092e+00 -5.47292544e-01
   4.21713675e+00 -3.33108086e-01  3.65499881e+01 -1.61587796e+01
   5.88241628e+00 -7.01542345e-01 -2.07809534e+00  4.99451339e+00
   8.93427078e+00]
 [-6.75210023e+00  1.17828558e+00  8.47310255e+00  2.80230523e+00
   2.95352178e+00 -1.86353921e+00  4.45796795e+00  8.36103332e+00
  -1.81301299e+00 -2.24540660e+00 -1.61587796e+01  1.50622648e+01
   1.19242833e+00  5.96515240e+00  3.54200768e+00 -1.53324467e+00
  -5.17279575e+00]
 [-5.08407429e+00 -1.07521773e+01  3.17764229e+00 -1.92336729e+00
   9.98755086e+00 -3.76276443e+00  6.74145591e+00 -1.18619008e+00
  -3.37092370e+00 -1.41214334e+01  5.88241628e+00  1.19242833e+00
   1.87837879e+01  2.72082672e+00  4.65248871e+00  5.80109097e+00
   4.47480667e+00]
 [ 1.65099970e+00  9.11587610e+00 -1.81739403e-01 -1.98265669e+00
   5.01677546e+00 -3.36169734e+00  7.94957496e-02 -1.83550584e+00
  -4.84570905e+00 -9.12524164e+00 -7.01542345e-01  5.96515240e+00
   2.72082672e+00  1.90135422e+01 -3.97846734e-01 -1.24991177e+00
   5.02130536e+00]
 [-6.02614992e+00 -5.10873336e+00  6.19569583e-01 -7.42903791e+00
   4.99583513e+00 -4.41983838e+00  2.93488447e-01 -4.13140871e-01
   4.82230261e+00 -3.35980206e+00 -2.07809534e+00  3.54200768e+00
   4.65248871e+00 -3.97846734e-01  1.61695288e+01 -7.62565788e-01
  -5.76594431e+00]
 [ 1.23585674e+00 -1.35938794e+00  3.15176841e+00 -2.80285069e+00
   2.92959432e-01 -3.10680908e-01  7.22808426e+00 -5.91050124e+00
  -8.17025977e+00 -9.16854581e-01  4.99451339e+00 -1.53324467e+00
   5.80109097e+00 -1.24991177e+00 -7.62565788e-01  2.67651751e+01
  -5.69580546e-01]
 [ 1.64033019e+00  1.87579296e+00 -2.23456797e+00  6.71112545e+00
   8.20008976e+00 -3.66097623e-01  2.90585295e+00  9.28882305e-01
   8.92583786e+00 -4.15382163e+00  8.93427078e+00 -5.17279575e+00
   4.47480667e+00  5.02130536e+00 -5.76594431e+00 -5.69580546e-01
   3.03018225e+01]]

x9: shape=(17, 17)
[[ 0.30066344  0.09113395  0.97911131  1.65175976  1.19377388  1.03386639
   1.98367548  1.56071065 -0.63377141 -0.93413872 -1.62304948  0.22223732
  -1.10603986 -0.54728511  0.66560643 -1.08548663 -1.10341656]
 [ 0.55017948 -0.72334057  1.2184603   0.32273434  1.90758963  0.2248446
   0.95646274 -1.92137252  0.58084618  1.20376819 -1.06107443 -1.7879716
  -0.63200366 -1.34606932 -0.5111402  -0.2313573  -0.64643345]
 [ 1.96584606  1.51543619 -1.58852345  1.09706593  0.34596792 -0.6456306
  -0.43394593  1.80925667  0.58803207  1.45082158 -0.11409611 -0.73836439
  -1.51057425  0.10615211 -0.38695653 -1.90284493  1.82452454]
 [ 0.71016549 -1.04434265 -0.50295161  0.27402467 -1.90876735  0.91556753
  -1.65533569  1.23578979  1.76157584  1.40799013 -0.12717991  1.10200018
  -0.02863152  1.71701708  1.76048423 -1.13196543  0.30149476]
 [-0.07454048  1.87398234 -1.17314503  0.60481278  0.05932309  0.79202842
   0.55088534  1.25516642  1.73079484 -0.05210149 -0.60136924 -1.17849141
  -0.83684972 -0.94557804  1.74906011  0.31320542 -1.32931005]
 [-1.18288351  1.7979279   1.45270396  0.94837752  1.5541927   1.46044462
  -0.6613573  -0.99634909  1.84181169 -0.27510429 -0.35125312 -0.13446706
   0.63360171  1.11720775 -1.87249929 -0.0541265  -1.66296402]
 [ 0.20970953  0.03806936  1.06722248 -1.53354315 -1.70081201  1.70024931
  -0.48659519 -0.5039685   0.89716974 -1.18270131 -0.99142654 -1.63013543
  -0.55185896 -0.9013975   0.00589534  0.38137519 -1.7855637 ]
 [-0.16081013  1.49319141  1.56667332  0.4939489   0.90788282 -1.036925
   0.41545666 -1.20737517  0.98175147 -0.05594727  0.2997842  -0.10088387
   1.75104422  1.11192745  0.72441309 -0.01965541  1.41313516]
 [-1.63195331 -1.96164169  0.85013455  0.98355487 -1.41011188  0.5591267
  -0.63324645 -0.83409423  0.49658821 -1.86174067 -0.09297385 -1.31352523
   0.76219037  1.56659843  1.62447561 -0.53666922 -1.76761434]
 [ 1.16822205 -1.24240657  0.82911864 -1.13127426  0.31582375  1.39082914
  -1.35980995 -1.80325243  1.52098188  0.88150163 -1.78948639 -0.8848803
   0.34720774  1.48679098  0.2467814  -1.65287696 -0.75252305]
 [-0.66028028 -1.31752065 -0.22720227 -1.91785398  1.89448457  1.44488028
   0.64865966 -0.72704399 -1.57809186 -1.15350822  0.01231433 -0.11119189
  -1.38705289  1.22274288 -0.60467453  0.77203704  1.33286492]
 [-0.36090031 -0.3501488  -1.06061436 -1.47484842  1.00874418  0.48276306
   0.148376   -1.36962046 -0.20276755  0.65115321  1.11282263 -1.98341601
  -1.31693094 -0.95007103  1.00481791 -0.65566085  1.63437731]
 [ 0.89034372  0.32326518  1.29823858 -1.73479782  0.76251161  0.13223914
  -0.31654391  1.38484195 -0.12141087  0.65717488 -1.00561552  1.5300091
  -1.87709871 -1.33720279  1.38468071 -0.01943164 -1.16634279]
 [-1.22926261 -1.77011936  0.49909323 -1.30713928  1.40015017 -0.02015829
  -0.48642034  1.76552453 -0.18320059 -1.60208032  1.79299556 -1.9467686
   1.30870619 -1.71196527  0.08118057  1.91858447 -1.31756015]
 [-1.05810902 -0.64629516  1.41988348  1.00120098  0.26699463 -0.05242088
   1.48653031  0.90018126 -1.8651079   0.15185925  0.79384991 -0.10028746
  -1.62026549  1.64525791 -0.06408239  0.09619961  0.22637861]
 [ 1.32382798 -1.62663813  0.07353347 -0.31373179  0.85090548  0.35576221
  -0.80420759 -1.21827454 -0.76322107  0.27946198  0.26936237  1.33552198
  -0.30871109  1.49878608  0.78616675 -1.42221287 -0.63543471]
 [-0.16690565 -1.93838541 -1.89334145  0.09020682  0.24764324  0.95875633
   1.29594301 -1.20634756  0.36742951  1.86891899  1.01703247 -0.4478969
  -1.53468265  0.17481344 -1.03611454  0.34664411  0.24066841]]

x10: shape=(26, 26)
[[ 0.31197401 -0.39907848 -0.06189847  0.17135873 -0.66140993  0.60239006
  -0.60636564  1.12834111 -0.19662886 -0.44802227 -0.90026008  0.13898166
  -0.39854213 -0.81779932  0.12823716 -0.25001183 -1.11493926 -0.83302397
  -0.06271032  0.46946882 -0.53406475 -1.09887742  0.27586917  0.24938324
  -0.61579854  0.50074721]
 [-0.39907848  1.65517153 -0.1978366  -1.11515787  0.76117803 -0.25253716
   1.55936898  0.00308803  0.83281588  1.12385364 -1.21773054  1.22779919
   0.18224758 -0.69853649 -0.92432256  0.11267036  1.02897597 -0.77129358
   0.87765913  0.16723299  1.07648209 -1.18621648 -1.15539557  1.23557726
   0.41028585 -0.16336603]
 [-0.06189847 -0.1978366   0.88370477 -1.06846972 -0.17876501  0.92303826
  -0.71670856  0.61190622  0.72585766 -0.2694584  -0.47971066 -0.85830734
  -0.41877823 -0.08051247 -0.41608236 -0.32197883 -1.85140905 -0.13163933
   0.59773648  1.73309737 -0.82777393  0.37001073 -1.28616191  1.57445907
   0.55320771  1.82556329]
 [ 0.17135873 -1.11515787 -1.06846972 -0.28054908 -0.43638963 -1.29737541
   1.07135194 -1.30441463  0.94318345  0.2535834  -0.7493944  -0.88845499
   0.82487796  1.06447879 -0.39924831 -0.40490514 -0.00314263 -0.08399822
  -0.58724943 -0.91769294 -0.99803385  0.26049324  1.16848756  0.11648778
  -0.35514152 -1.41001797]
 [-0.66140993  0.76117803 -0.17876501 -0.43638963 -1.05730916 -1.03970547
   1.58294226 -0.26547406  1.2122227  -0.27984581 -0.82172895  0.15995318
  -0.14770454  0.79309126  0.67567603  1.02687933  0.76876405  0.03589017
  -1.45164508  0.62523474  0.68501441  0.43732869 -0.54757251  0.03696206
  -1.61425021  0.94915417]
 [ 0.60239006 -0.25253716  0.92303826 -1.29737541 -1.03970547 -1.18254125
   1.03041945  0.21759817  0.79756014 -0.17100745  0.26982395 -0.62760357
   1.26121287  0.70180514  1.21450113  1.49745345  0.73161519 -0.9392233
  -0.14895838 -0.59139922  0.19871289 -1.38073677 -1.07085884  0.01801581
   1.40383224  0.53837293]
 [-0.60636564  1.55936898 -0.71670856  1.07135194  1.58294226  1.03041945
   1.84438806 -0.01394715  0.44686149  0.91601285 -1.54734231 -0.02808055
  -1.11674266 -0.41726968  1.43204836  0.58976285 -1.27505569  0.39722367
  -0.91322473  0.55634873 -1.75918479  0.4274214   0.34338947 -0.00915822
   0.09228955 -0.03922323]
 [ 1.12834111  0.00308803  0.61190622 -1.30441463 -0.26547406  0.21759817
  -0.01394715 -1.71184339 -1.68074908  0.68059572  1.39066794 -0.39337503
   0.16300476 -0.38518122 -0.0993353   0.66134751 -0.77932254  0.36940837
  -1.3315996   0.86794812  0.56508371  0.86955534  0.4104953  -1.57515445
  -0.29822926 -0.67394251]
 [-0.19662886  0.83281588  0.72585766  0.94318345  1.2122227   0.79756014
   0.44686149 -1.68074908  1.46193221 -1.17666136 -0.09790783 -0.793888
   0.60118846 -0.98411424 -0.46505105 -0.5345866   0.05545621  1.00765363
  -0.92908099 -0.19329532  1.2273342   0.47499208  0.0505051   0.22394338
   0.3989422   1.83796397]
 [-0.44802227  1.12385364 -0.2694584   0.2535834  -0.27984581 -0.17100745
   0.91601285  0.68059572 -1.17666136 -0.25255063  0.75058655 -1.35999485
   0.49196524  0.44746408  0.70762545 -0.35241333 -0.08613186 -0.04430382
  -1.45119101 -0.34020456  1.16730191 -0.48989766  0.91825456  1.57663068
   0.11463398 -0.00891996]
 [-0.90026008 -1.21773054 -0.47971066 -0.7493944  -0.82172895  0.26982395
  -1.54734231  1.39066794 -0.09790783  0.75058655 -0.81803887  1.13553707
   1.90659424  0.3496279   1.01139076  0.05139944  1.20565164 -0.85729207
   0.13100366  0.2498707   0.02216958  0.80386463  0.63443748  0.59292221
   1.30988412  0.34691198]
 [ 0.13898166  1.22779919 -0.85830734 -0.88845499  0.15995318 -0.62760357
  -0.02808055 -0.39337503 -0.793888   -1.35999485  1.13553707  0.93196246
  -0.76336312 -1.01138823 -0.47050491  0.74119771  1.18194095 -0.47316539
   1.38560993  1.11356275  0.39957111 -0.09602272  0.40986817  1.68068135
  -0.60863935 -0.15602636]
 [-0.39854213  0.18224758 -0.41877823  0.82487796 -0.14770454  1.26121287
  -1.11674266  0.16300476  0.60118846  0.49196524  1.90659424 -0.76336312
   1.93955219 -0.16906127 -0.22721863 -0.06844873  1.12481495  0.92848511
  -0.59323426 -0.5534312  -1.58172956  1.03156681 -1.52940964 -1.03223929
   0.19769877 -0.26103757]
 [-0.81779932 -0.69853649 -0.08051247  1.06447879  0.79309126  0.70180514
  -0.41726968 -0.38518122 -0.98411424  0.44746408  0.3496279  -1.01138823
  -0.16906127 -0.92620676  0.93888349 -0.0154353  -0.16533724 -0.97445058
   1.51186662 -0.05591151 -0.91109491 -0.61026377  0.19792572 -0.03133592
   0.097016    0.11742766]
 [ 0.12823716 -0.92432256 -0.41608236 -0.39924831  0.67567603  1.21450113
   1.43204836 -0.0993353  -0.46505105  0.70762545  1.01139076 -0.47050491
  -0.22721863  0.93888349 -0.63992255 -0.69036403 -0.3874168   1.04162498
  -0.06824772  1.16924517 -1.22316932 -0.88819107 -0.87587653  0.45315949
   0.43188493 -0.12916544]
 [-0.25001183  0.11267036 -0.32197883 -0.40490514  1.02687933  1.49745345
   0.58976285  0.66134751 -0.5345866  -0.35241333  0.05139944  0.74119771
  -0.06844873 -0.0154353  -0.69036403 -0.53612066 -0.94221709 -1.15212976
  -0.24726649 -0.42160511  0.30332569 -0.82057664  0.34515301  0.18236863
  -0.8129816   0.6391877 ]
 [-1.11493926  1.02897597 -1.85140905 -0.00314263  0.76876405  0.73161519
  -1.27505569 -0.77932254  0.05545621 -0.08613186  1.20565164  1.18194095
   1.12481495 -0.16533724 -0.3874168  -0.94221709  1.5142303  -1.20612513
  -1.10978545  0.34524173 -0.11083878  1.22564936  0.0306028  -0.48183105
   1.67519044  0.09359346]
 [-0.83302397 -0.77129358 -0.13163933 -0.08399822  0.03589017 -0.9392233
   0.39722367  0.36940837  1.00765363 -0.04430382 -0.85729207 -0.47316539
   0.92848511 -0.97445058  1.04162498 -1.15212976 -1.20612513 -0.52557026
   0.62293043 -0.9853528  -0.07706666 -0.43353035  0.16994004  0.77208835
  -1.05686762  0.64157093]
 [-0.06271032  0.87765913  0.59773648 -0.58724943 -1.45164508 -0.14895838
  -0.91322473 -1.3315996  -0.92908099 -1.45119101  0.13100366  1.38560993
  -0.59323426  1.51186662 -0.06824772 -0.24726649 -1.10978545  0.62293043
  -0.9405139   0.21324118  1.49101617  0.36997992 -0.57678754  1.20924232
  -0.6595116  -0.83073575]
 [ 0.46946882  0.16723299  1.73309737 -0.91769294  0.62523474 -0.59139922
   0.55634873  0.86794812 -0.19329532 -0.34020456  0.2498707   1.11356275
  -0.5534312  -0.05591151  1.16924517 -0.42160511  0.34524173 -0.9853528
   0.21324118  0.95203152 -0.40124358 -1.49396767 -0.8111989  -1.28744708
   0.21923431 -1.76335241]
 [-0.53406475  1.07648209 -0.82777393 -0.99803385  0.68501441  0.19871289
  -1.75918479  0.56508371  1.2273342   1.16730191  0.02216958  0.39957111
  -1.58172956 -0.91109491 -1.22316932  0.30332569 -0.11083878 -0.07706666
   1.49101617 -0.40124358 -0.75069446 -0.00467063  0.10374991  0.97406995
  -0.98348515 -0.89986098]
 [-1.09887742 -1.18621648  0.37001073  0.26049324  0.43732869 -1.38073677
   0.4274214   0.86955534  0.47499208 -0.48989766  0.80386463 -0.09602272
   1.03156681 -0.61026377 -0.88819107 -0.82057664  1.22564936 -0.43353035
   0.36997992 -1.49396767 -0.00467063  1.39333951  0.15056891 -0.00559879
   0.09864232 -0.86609007]
 [ 0.27586917 -1.15539557 -1.28616191  1.16848756 -0.54757251 -1.07085884
   0.34338947  0.4104953   0.0505051   0.91825456  0.63443748  0.40986817
  -1.52940964  0.19792572 -0.87587653  0.34515301  0.0306028   0.16994004
  -0.57678754 -0.8111989   0.10374991  0.15056891 -1.76926468  0.46263209
  -0.27175487  0.2110542 ]
 [ 0.24938324  1.23557726  1.57445907  0.11648778  0.03696206  0.01801581
  -0.00915822 -1.57515445  0.22394338  1.57663068  0.59292221  1.68068135
  -1.03223929 -0.03133592  0.45315949  0.18236863 -0.48183105  0.77208835
   1.20924232 -1.28744708  0.97406995 -0.00559879  0.46263209 -0.77324842
   1.33578821 -1.21502096]
 [-0.61579854  0.41028585  0.55320771 -0.35514152 -1.61425021  1.40383224
   0.09228955 -0.29822926  0.3989422   0.11463398  1.30988412 -0.60863935
   0.19769877  0.097016    0.43188493 -0.8129816   1.67519044 -1.05686762
  -0.6595116   0.21923431 -0.98348515  0.09864232 -0.27175487  1.33578821
  -1.46891639  0.8689261 ]
 [ 0.50074721 -0.16336603  1.82556329 -1.41001797  0.94915417  0.53837293
  -0.03922323 -0.67394251  1.83796397 -0.00891996  0.34691198 -0.15602636
  -0.26103757  0.11742766 -0.12916544  0.6391877   0.09359346  0.64157093
  -0.83073575 -1.76335241 -0.89986098 -0.86609007  0.2110542  -1.21502096
   0.8689261   1.30316531]]

x11: shape=(26, 26)
[[1.73214601 0.         0.         0.         0.         0.
  0.         0.         0.         0.         0.         0.
  0.         0.         0.         0.         0.         0.
  0.         0.         0.         0.         0.         0.
  0.         0.        ]
 [0.         1.02789869 0.         0.         0.         0.
  0.         0.         0.         0.         0.         0.
  0.         0.         0.         0.         0.         0.
  0.         0.         0.         0.         0.         0.
  0.         0.        ]
 [0.         0.         0.72524469 0.         0.         0.
  0.         0.         0.         0.         0.         0.
  0.         0.         0.         0.         0.         0.
  0.         0.         0.         0.         0.         0.
  0.         0.        ]
 [0.         0.         0.         0.73080766 0.         0.
  0.         0.         0.         0.         0.         0.
  0.         0.         0.         0.         0.         0.
  0.         0.         0.         0.         0.         0.
  0.         0.        ]
 [0.         0.         0.         0.         1.21126491 0.
  0.         0.         0.         0.         0.         0.
  0.         0.         0.         0.         0.         0.
  0.         0.         0.         0.         0.         0.
  0.         0.        ]
 [0.         0.         0.         0.         0.         0.68653182
  0.         0.         0.         0.         0.         0.
  0.         0.         0.         0.         0.         0.
  0.         0.         0.         0.         0.         0.
  0.         0.        ]
 [0.         0.         0.         0.         0.         0.
  0.50132724 0.         0.         0.         0.         0.
  0.         0.         0.         0.         0.         0.
  0.         0.         0.         0.         0.         0.
  0.         0.        ]
 [0.         0.         0.         0.         0.         0.
  0.         1.62949396 0.         0.         0.         0.
  0.         0.         0.         0.         0.         0.
  0.         0.         0.         0.         0.         0.
  0.         0.        ]
 [0.         0.         0.         0.         0.         0.
  0.         0.         1.20763551 0.         0.         0.
  0.         0.         0.         0.         0.         0.
  0.         0.         0.         0.         0.         0.
  0.         0.        ]
 [0.         0.         0.         0.         0.         0.
  0.         0.         0.         1.97100522 0.         0.
  0.         0.         0.         0.         0.         0.
  0.         0.         0.         0.         0.         0.
  0.         0.        ]
 [0.         0.         0.         0.         0.         0.
  0.         0.         0.         0.         1.14953184 0.
  0.         0.         0.         0.         0.         0.
  0.         0.         0.         0.         0.         0.
  0.         0.        ]
 [0.         0.         0.         0.         0.         0.
  0.         0.         0.         0.         0.         0.86890211
  0.         0.         0.         0.         0.         0.
  0.         0.         0.         0.         0.         0.
  0.         0.        ]
 [0.         0.         0.         0.         0.         0.
  0.         0.         0.         0.         0.         0.
  0.57242632 0.         0.         0.         0.         0.
  0.         0.         0.         0.         0.         0.
  0.         0.        ]
 [0.         0.         0.         0.         0.         0.
  0.         0.         0.         0.         0.         0.
  0.         0.66721727 0.         0.         0.         0.
  0.         0.         0.         0.         0.         0.
  0.         0.        ]
 [0.         0.         0.         0.         0.         0.
  0.         0.         0.         0.         0.         0.
  0.         0.         1.79626889 0.         0.         0.
  0.         0.         0.         0.         0.         0.
  0.         0.        ]
 [0.         0.         0.         0.         0.         0.
  0.         0.         0.         0.         0.         0.
  0.         0.         0.         0.99763142 0.         0.
  0.         0.         0.         0.         0.         0.
  0.         0.        ]
 [0.         0.         0.         0.         0.         0.
  0.         0.         0.         0.         0.         0.
  0.         0.         0.         0.         0.78809106 0.
  0.         0.         0.         0.         0.         0.
  0.         0.        ]
 [0.         0.         0.         0.         0.         0.
  0.         0.         0.         0.         0.         0.
  0.         0.         0.         0.         0.         1.56170017
  0.         0.         0.         0.         0.         0.
  0.         0.        ]
 [0.         0.         0.         0.         0.         0.
  0.         0.         0.         0.         0.         0.
  0.         0.         0.         0.         0.         0.
  0.59324398 0.         0.         0.         0.         0.
  0.         0.        ]
 [0.         0.         0.         0.         0.         0.
  0.         0.         0.         0.         0.         0.
  0.         0.         0.         0.         0.         0.
  0.         0.77253385 0.         0.         0.         0.
  0.         0.        ]
 [0.         0.         0.         0.         0.         0.
  0.         0.         0.         0.         0.         0.
  0.         0.         0.         0.         0.         0.
  0.         0.         0.8105645  0.         0.         0.
  0.         0.        ]
 [0.         0.         0.         0.         0.         0.
  0.         0.         0.         0.         0.         0.
  0.         0.         0.         0.         0.         0.
  0.         0.         0.         0.65780619 0.         0.
  0.         0.        ]
 [0.         0.         0.         0.         0.         0.
  0.         0.         0.         0.         0.         0.
  0.         0.         0.         0.         0.         0.
  0.         0.         0.         0.         1.27914893 0.
  0.         0.        ]
 [0.         0.         0.         0.         0.         0.
  0.         0.         0.         0.         0.         0.
  0.         0.         0.         0.         0.         0.
  0.         0.         0.         0.         0.         0.85134069
  0.         0.        ]
 [0.         0.         0.         0.         0.         0.
  0.         0.         0.         0.         0.         0.
  0.         0.         0.         0.         0.         0.
  0.         0.         0.         0.         0.         0.
  1.68481801 0.        ]
 [0.         0.         0.         0.         0.         0.
  0.         0.         0.         0.         0.         0.
  0.         0.         0.         0.         0.         0.
  0.         0.         0.         0.         0.         0.
  0.         1.96242205]]

x12: shape=(26, 26)
[[-0.09235435 -0.20970946  0.24248335  0.11484497 -0.10976572 -0.19523633
   0.1448917   0.35351874  0.16158654 -0.29201139 -0.13265379  0.37687294
   0.21080137 -0.15766139 -0.22821412  0.07417166 -0.19680925  0.12103369
  -0.13061069 -0.147336   -0.03161536 -0.10249438 -0.0459198  -0.30442628
  -0.21207733  0.19510558]
 [ 0.3420454  -0.24401341 -0.15385308  0.19185117 -0.16925707 -0.07663866
   0.06063343  0.04124068  0.25390993  0.32670762  0.16610036 -0.01293499
   0.38236906  0.27298604  0.21333451 -0.12410408 -0.04679735  0.04130653
  -0.40623321 -0.0638213  -0.05491092 -0.03302205  0.13694758  0.1651759
   0.04839642  0.13038421]
 [ 0.13565018 -0.48704218 -0.13922464  0.00795864  0.37368688  0.18152154
  -0.03313376 -0.19032831  0.00183218 -0.18754968  0.11220025 -0.04499585
   0.0808334  -0.11459049  0.28627343 -0.26128369 -0.25835603  0.00158151
   0.28271237 -0.19009058 -0.08410055  0.06340491 -0.25073875 -0.19367063
  -0.02436224  0.02175136]
 [ 0.09045423 -0.16065561 -0.22773989 -0.25023231 -0.19087865 -0.10274179
   0.1929474   0.12935533 -0.11263681  0.18408689 -0.02749789  0.01745613
   0.02262269  0.30296386 -0.20433543  0.20396196 -0.44464235 -0.28358562
   0.37772585  0.07854574  0.09668637  0.12473953  0.04787783  0.07265896
  -0.24507208 -0.08815821]
 [ 0.02215238 -0.21044589  0.1192641   0.39021634 -0.24435521  0.06076611
  -0.13061145 -0.14804332 -0.20799767 -0.07448033 -0.25541054 -0.0767776
   0.09195323 -0.16882312  0.27071762  0.14254051  0.00382209 -0.21336872
   0.18525702  0.06224159  0.15660778 -0.25729487  0.49372306 -0.08045386
  -0.03963515 -0.09788197]
 [ 0.13231921 -0.14422712 -0.07760387  0.27538326 -0.02608635 -0.19606447
  -0.03497343 -0.10185828 -0.17518844  0.12670911 -0.03095434  0.04455772
  -0.25076482 -0.26540739 -0.29638725 -0.00289732  0.02019569 -0.37949501
  -0.2191714  -0.43356545  0.23532539  0.078284   -0.26552408  0.18802149
   0.10042654 -0.01891446]
 [ 0.10553914  0.12656247  0.25357112  0.268224    0.09479841 -0.02966767
  -0.25171115  0.13714054  0.31650054  0.17086317  0.09972397  0.16001426
  -0.09771995 -0.07011562  0.08936012  0.10610893 -0.41925516  0.05135413
   0.06732228  0.25069037  0.20649162  0.17418526 -0.10939921 -0.06048463
   0.30157623 -0.34727209]
 [-0.38200754 -0.0944171   0.17011669  0.06420265 -0.04876722 -0.03692409
   0.15267434 -0.46496147  0.1349889   0.25851347 -0.14387513 -0.18105423
  -0.09764476 -0.01588797 -0.04873172 -0.03395034 -0.27641519  0.21734752
  -0.22293187 -0.04971003 -0.16278645 -0.05589829 -0.06030635  0.04167377
  -0.35529413 -0.28277369]
 [ 0.02446792 -0.22352933  0.00252338  0.04581005  0.04782144 -0.26589549
  -0.05741203 -0.02071823 -0.03855488 -0.17500581 -0.02169902 -0.23586663
   0.27878914 -0.03178782 -0.26692403 -0.04969888  0.22521425  0.39963155
   0.11934142  0.00827135  0.26530209  0.48172454  0.17525389  0.13153692
  -0.01326174 -0.2336141 ]
 [ 0.20628195 -0.04553062  0.2163192  -0.28845137 -0.04022719  0.30242259
  -0.09607382 -0.32242419  0.26777668  0.13285561 -0.08310962  0.48847674
   0.20527549 -0.08972045 -0.12849813  0.04631573  0.29449764 -0.18786375
   0.0942867  -0.09354471 -0.04109609  0.14926346  0.06735111  0.03930161
  -0.12082094 -0.17631149]
 [ 0.32862089 -0.1323991   0.14341951  0.10586056  0.4166219  -0.30366421
  -0.15241793 -0.01877554 -0.05184065 -0.14091466 -0.20782965 -0.02273332
  -0.17012185  0.29072828 -0.11135326  0.17540978  0.10277638 -0.15538912
  -0.12591036  0.21045699 -0.45310957 -0.03746599  0.04150542  0.00849006
  -0.11702385 -0.11572004]
 [ 0.1543296  -0.11454233  0.23208552 -0.10800765 -0.10911048  0.10789159
   0.15297811 -0.17198031  0.04180464 -0.1992782   0.44926788 -0.24250322
   0.02811466 -0.07259096 -0.257614    0.42534313 -0.11827188  0.09253824
   0.0481388  -0.14773305 -0.18038771 -0.24606291  0.07443975  0.09924984
   0.33142409 -0.02330195]
 [-0.09059155 -0.06243829 -0.13131124  0.05274511 -0.02628701  0.01201929
   0.12786299  0.22557247  0.17894039 -0.16688343  0.32363768 -0.01824195
  -0.16840883 -0.24893756  0.39284426  0.36942541  0.17586023 -0.14500147
  -0.11626475  0.00337706 -0.07916559  0.2730901   0.00165338  0.16400076
  -0.38895569 -0.17091953]
 [-0.15775142 -0.1166836  -0.41586199  0.20471732  0.06522138  0.14574374
  -0.43458831 -0.09686347  0.0323703   0.06726013  0.20281968  0.13922852
   0.08970219 -0.18070445 -0.35902462  0.13425629 -0.02414937  0.10566735
   0.01596903  0.35804434 -0.05693463 -0.1759631  -0.03425123  0.13737451
  -0.18137783  0.20455162]
 [ 0.01550987  0.03742033 -0.06478479  0.34845194 -0.21430808  0.2369393
   0.04633465 -0.16168069  0.41271578 -0.1586815  -0.04615814 -0.21571616
  -0.25208939  0.32127036 -0.18905031  0.0212786   0.11218068 -0.11263885
   0.10351693 -0.02502658  0.01846531  0.29066361 -0.01218505 -0.32512031
  -0.02409005  0.25957757]
 [ 0.21926847  0.223956    0.08224152 -0.0246767  -0.30133515 -0.0905568
  -0.27311058  0.00293855 -0.2507577   0.00884198  0.39140234 -0.08121015
  -0.01098033 -0.15250874 -0.1055381  -0.35513634 -0.11837666 -0.07044916
  -0.06043288 -0.03541833 -0.27841412  0.1595407   0.14084128 -0.33736503
  -0.24646417 -0.1271084 ]
 [-0.02850671 -0.33106746  0.33754907 -0.20454162 -0.11901502  0.39258314
  -0.16945563  0.2597604  -0.13582844  0.08648976 -0.20411778 -0.29622209
  -0.03087162 -0.13268982 -0.04610547 -0.02245863 -0.08889039 -0.11159945
  -0.25460796  0.24208488 -0.05890241  0.26434946 -0.09563692  0.13020169
   0.04384833  0.21826397]
 [-0.1648783   0.06493092 -0.16085    -0.04178903  0.05568046 -0.29090055
   0.24756908 -0.12667039  0.21137607  0.07653826 -0.11793601 -0.07561657
   0.19044122 -0.42240789 -0.03716174 -0.07398186 -0.07133914 -0.31056819
   0.06343906  0.21149734 -0.33982821  0.22832742  0.1783339  -0.05180417
   0.32958899  0.15223599]
 [-0.01353976  0.03905183 -0.37045499 -0.34412699  0.08055989  0.04877625
  -0.36535984  0.09695989  0.2198293  -0.05831531 -0.24870427 -0.20979659
   0.01274249 -0.04680791 -0.01938204  0.21712571 -0.13242988 -0.01052681
  -0.28597798 -0.31977313  0.06547206 -0.06250058  0.20794352 -0.2902638
   0.08266081 -0.1979915 ]
 [-0.25233138  0.0020761  -0.00449359  0.13504518  0.08051963  0.05695006
  -0.01825529 -0.11494913 -0.44009522  0.22663824  0.0880289   0.15990255
   0.2633376   0.19696989  0.10111615  0.42874301  0.05415779  0.02171563
  -0.11803498 -0.09584674 -0.1103884   0.32106537 -0.11124568 -0.36258583
   0.16335642  0.04378289]
 [ 0.28857686 -0.10572534 -0.15885356 -0.0526609  -0.35787089 -0.11717192
   0.08631866 -0.00147252  0.01379252  0.13830256 -0.19017059 -0.14630114
   0.039525   -0.19383466  0.0597731   0.14489899  0.26609205  0.16224503
   0.08428772  0.24872892 -0.04879534 -0.17723771 -0.51597346 -0.28845713
   0.02852038 -0.1937834 ]
 [-0.1961305  -0.37427388 -0.09549478  0.07013454  0.02453149  0.14180348
   0.14080027  0.34392831  0.00907752  0.31101666  0.10525137  0.1316943
  -0.32413868  0.02930488 -0.17017645 -0.18627565  0.2402243   0.09025537
   0.10789899 -0.06709599 -0.21286316 -0.08621593  0.25676781 -0.15386324
   0.21030726 -0.29188969]
 [ 0.04973278 -0.19875557  0.15256494 -0.26770445  0.21418318 -0.24932425
   0.06988707 -0.17998106  0.05124666  0.21975809  0.26484384 -0.02965452
  -0.22662942 -0.06653769  0.0263916   0.05302314  0.10889658 -0.03912046
  -0.13500038  0.23469678  0.4489369  -0.07433498  0.17504638 -0.35609957
  -0.10826342  0.27128111]
 [ 0.31368628  0.12565409 -0.23418315  0.09765072  0.14865534  0.37472146
   0.46440464 -0.07802758 -0.21303168 -0.16551666 -0.09324249  0.13296895
  -0.05556821 -0.13773478 -0.14461753 -0.02828777 -0.16280321  0.1166587
  -0.33693085  0.24299631  0.12106228  0.08233562  0.15801904 -0.09191417
  -0.01106778 -0.16301535]
 [ 0.06780549  0.23917878  0.14439909  0.1951187   0.39039302  0.18824788
   0.13687408  0.26271854  0.07748155  0.31227489  0.02981441 -0.37446518
   0.34628121 -0.12143172 -0.18374192  0.03766666  0.11005183 -0.16305539
   0.15103367 -0.12177088  0.06496515 -0.156752   -0.0456641  -0.10516347
  -0.26316961 -0.04090799]
 [-0.31207017 -0.1121179   0.00531371 -0.03241548 -0.03348484  0.01290539
   0.02341302 -0.02048327  0.03241428 -0.31409576  0.19715652 -0.04702232
   0.27294754  0.24092472 -0.09256325 -0.2035868   0.09726609 -0.44784702
  -0.22673987  0.24416717  0.17233145 -0.16289824 -0.18441527 -0.08616702
   0.09568258 -0.36807464]]

x13: shape=(26, 26)
[[ 3.72134472e+01  4.17598737e+00 -1.10267926e+00 -4.91592140e+00
   2.87336086e-01  8.33182496e+00 -6.98904699e-01  4.09535576e-01
  -4.81445241e+00  7.52813718e-01  5.14620547e+00 -5.16243829e+00
  -5.81694785e+00  3.91252002e+00 -9.87524987e+00 -3.31921625e+00
  -3.59471185e+00 -3.06421623e+00  2.41628788e-01  1.94959126e+00
  -4.65353815e+00  2.92495356e+00  1.86216756e+00 -1.02734445e+01
  -8.13750261e+00  6.37571365e+00]
 [ 4.17598737e+00  2.58927370e+01 -7.94223301e+00 -9.27944456e+00
   6.65618210e+00  6.01464256e+00 -1.55376164e+00 -3.38081119e+00
  -7.60395666e+00 -1.21919446e+01 -5.31369758e-02  6.49289552e+00
   6.10839222e+00  4.37897892e+00  4.49658277e+00  3.06434245e+00
  -3.95038114e+00 -1.02676538e+01 -6.79103863e+00  9.51471005e-01
  -1.44211735e+01 -1.26348821e+00 -7.46432411e+00 -1.75605130e+00
   2.44397609e+00  1.65869881e+00]
 [-1.10267926e+00 -7.94223301e+00  3.04420855e+01  5.28455286e+00
  -2.30327951e+00  2.62986974e+00 -2.26829836e+00 -6.42275644e+00
   5.99516631e+00  1.00363964e+01  3.02438448e+00 -9.58700260e-01
  -1.07312478e+00  4.75887960e-01 -6.06097540e+00 -6.56077385e+00
   7.67921212e+00  1.02506572e+01 -5.25099549e+00 -1.37298637e+01
   7.37443750e+00  2.13313380e+00  1.93141810e+00 -2.42467737e+00
   4.04997957e+00 -9.24805604e+00]
 [-4.91592140e+00 -9.27944456e+00  5.28455286e+00  4.27091731e+01
  -7.86207520e+00 -7.85256430e+00 -8.01008704e+00  1.01334215e+01
   7.16161554e-01  1.45504181e+01 -4.06027917e-01  2.07202729e+00
  -6.21870234e-01  1.43575203e+00  2.28823723e+00 -5.74578904e+00
  -5.40297568e+00  1.29343516e+01 -1.77343463e+01 -5.01474902e-01
  -1.16791969e-01  8.92507006e-01 -1.65776502e+00 -7.21836926e+00
  -3.21933248e+00  9.67599450e-02]
 [ 2.87336086e-01  6.65618210e+00 -2.30327951e+00 -7.86207520e+00
   2.87587373e+01  4.87847787e+00  1.04627132e+01 -1.65563550e+01
   6.18323253e+00 -3.97911627e+00 -1.57522249e+01  6.64290427e+00
   3.87364027e+00  4.97768947e+00  1.13714303e+01  6.84625784e+00
  -1.00619399e+01 -2.59184174e-01  1.05566015e+01 -5.57600702e+00
  -1.25859480e+01 -2.74404135e+00 -3.97866686e+00  2.35816307e+00
   2.77520359e+00  8.31356278e+00]
 [ 8.33182496e+00  6.01464256e+00  2.62986974e+00 -7.85256430e+00
   4.87847787e+00  3.36844769e+01 -5.98388020e-01 -1.87976386e+00
   8.43989398e+00 -6.94048265e-01  6.01676222e-01 -5.78484971e+00
   9.00679659e+00 -1.49505282e+01  5.17777486e-01 -6.87534975e+00
   1.02879719e+01 -4.79398544e+00 -3.98641730e+00  1.02094991e+00
  -1.19749508e+00  1.81232726e+00 -1.67009353e+00 -7.03570282e+00
   9.20048993e+00  5.02561515e-01]
 [-6.98904699e-01 -1.55376164e+00 -2.26829836e+00 -8.01008704e+00
   1.04627132e+01 -5.98388020e-01  3.47760137e+01 -1.03462622e+01
  -9.75099750e+00  1.55726419e+00 -1.46055195e+01  8.40080480e+00
  -1.84400213e+00  1.34674904e+00 -2.89134798e+00  5.18249060e+00
  -1.10072614e+01 -3.35738115e+00  5.18887494e+00  2.08711914e+00
  -4.75185442e+00 -2.17703642e+01 -2.97457394e+00 -3.87038292e+00
  -3.64219644e+00  1.55528725e+00]
 [ 4.09535576e-01 -3.38081119e+00 -6.42275644e+00  1.01334215e+01
  -1.65563550e+01 -1.87976386e+00 -1.03462622e+01  3.95186653e+01
  -1.08304745e+01  8.58806706e+00  7.12251684e+00 -8.05145909e-01
  -2.37029423e+00 -5.65634064e+00  1.45421395e+00 -5.55317381e+00
   8.75333860e+00  4.36603303e-02 -6.53849777e+00  1.08033458e+01
   5.92137632e+00  9.58384459e+00  7.61425042e+00 -7.13587088e+00
  -5.13679955e+00 -1.21195509e+00]
 [-4.81445241e+00 -7.60395666e+00  5.99516631e+00  7.16161554e-01
   6.18323253e+00  8.43989398e+00 -9.75099750e+00 -1.08304745e+01
   3.15659062e+01 -1.22526031e+00  2.57837856e+00 -9.45960283e-02
  -4.56869186e+00 -6.44483220e+00  6.48091279e+00  6.21003075e-01
   6.36662887e+00  2.63712974e+00  1.04438108e+01 -6.65947385e+00
   5.97701919e+00  2.09518146e+01 -9.30256196e+00  6.90786706e+00
  -4.48921162e+00 -6.28434580e+00]
 [ 7.52813718e-01 -1.21919446e+01  1.00363964e+01  1.45504181e+01
  -3.97911627e+00 -6.94048265e-01  1.55726419e+00  8.58806706e+00
  -1.22526031e+00  3.45544428e+01 -5.23100442e+00 -2.59545156e+00
   6.93833548e+00  1.42836576e+00 -6.75601271e+00  2.91126384e-01
  -9.48646280e-01  8.06415790e+00 -5.69762692e+00 -2.30837222e+00
   6.06466821e+00 -5.79987005e+00 -5.41864422e+00 -3.70484297e+00
   6.21814128e+00 -1.17550791e+00]
 [ 5.14620547e+00 -5.31369758e-02  3.02438448e+00 -4.06027917e-01
  -1.57522249e+01  6.01676222e-01 -1.46055195e+01  7.12251684e+00
   2.57837856e+00 -5.23100442e+00  4.13548201e+01  2.43099121e+00
  -6.17026573e+00 -9.70118592e+00 -7.55628815e+00  4.88031828e+00
   6.27426358e+00 -9.17053611e+00  1.21100172e+01 -7.49272694e+00
   9.07156209e+00  3.18788127e+00  2.35322432e+00 -2.02164843e+01
  -5.14137609e+00 -4.30167698e+00]
 [-5.16243829e+00  6.49289552e+00 -9.58700260e-01  2.07202729e+00
   6.64290427e+00 -5.78484971e+00  8.40080480e+00 -8.05145909e-01
  -9.45960283e-02 -2.59545156e+00  2.43099121e+00  2.85471138e+01
  -5.85680816e+00  2.69259425e+00  1.34800100e+00  1.12960063e+01
  -7.50923236e+00 -7.92464939e+00  5.26331616e+00 -5.62252180e+00
  -6.67856827e+00 -4.69505811e-01 -2.46312536e+00 -1.24218885e+01
  -7.82183797e+00  4.14474739e-01]
 [-5.81694785e+00  6.10839222e+00 -1.07312478e+00 -6.21870234e-01
   3.87364027e+00  9.00679659e+00 -1.84400213e+00 -2.37029423e+00
  -4.56869186e+00  6.93833548e+00 -6.17026573e+00 -5.85680816e+00
   3.01058500e+01  5.71449398e-01  2.47293660e+00  4.79616992e+00
   2.06237761e+00 -4.56282205e+00 -9.43426953e+00 -3.14780464e+00
  -1.40414935e+00 -5.85003098e+00 -4.42503314e+00  1.09972456e+00
   1.44584946e+01  4.84507361e-01]
 [ 3.91252002e+00  4.37897892e+00  4.75887960e-01  1.43575203e+00
   4.97768947e+00 -1.49505282e+01  1.34674904e+00 -5.65634064e+00
  -6.44483220e+00  1.42836576e+00 -9.70118592e+00  2.69259425e+00
   5.71449398e-01  2.79785745e+01 -1.16399183e+01 -5.09887592e+00
  -3.99625689e+00 -1.21046968e+00 -4.78344995e+00 -8.50420991e+00
  -5.05102491e+00  1.25805651e-01  1.35540963e+00 -4.98200250e+00
  -6.85110504e+00  2.67580580e+00]
 [-9.87524987e+00  4.49658277e+00 -6.06097540e+00  2.28823723e+00
   1.13714303e+01  5.17777486e-01 -2.89134798e+00  1.45421395e+00
   6.48091279e+00 -6.75601271e+00 -7.55628815e+00  1.34800100e+00
   2.47293660e+00 -1.16399183e+01  3.01682040e+01  3.19179172e+00
  -5.81429092e+00  2.63705542e+00  9.17293538e-01  4.26832257e+00
  -5.45449719e+00  1.02645014e+01 -1.04193232e+01  1.59962226e+01
   4.78267978e+00 -1.77886103e+00]
 [-3.31921625e+00  3.06434245e+00 -6.56077385e+00 -5.74578904e+00
   6.84625784e+00 -6.87534975e+00  5.18249060e+00 -5.55317381e+00
   6.21003075e-01  2.91126384e-01  4.88031828e+00  1.12960063e+01
   4.79616992e+00 -5.09887592e+00  3.19179172e+00  3.23512155e+01
  -1.50238633e+01 -7.94551254e+00  1.40043007e+01  4.61477965e+00
  -5.67328249e+00 -8.23966395e+00 -9.12532047e+00  3.11626151e+00
  -2.25918707e+00 -2.37506674e+00]
 [-3.59471185e+00 -3.95038114e+00  7.67921212e+00 -5.40297568e+00
  -1.00619399e+01  1.02879719e+01 -1.10072614e+01  8.75333860e+00
   6.36662887e+00 -9.48646280e-01  6.27426358e+00 -7.50923236e+00
   2.06237761e+00 -3.99625689e+00 -5.81429092e+00 -1.50238633e+01
   3.57659107e+01  1.85494255e+00 -5.79864182e+00  7.05112563e+00
   1.24858777e+01  1.50226545e+01  3.85412849e+00 -3.46085669e-01
  -2.70452785e+00 -3.80955597e+00]
 [-3.06421623e+00 -1.02676538e+01  1.02506572e+01  1.29343516e+01
  -2.59184174e-01 -4.79398544e+00 -3.35738115e+00  4.36603303e-02
   2.63712974e+00  8.06415790e+00 -9.17053611e+00 -7.92464939e+00
  -4.56282205e+00 -1.21046968e+00  2.63705542e+00 -7.94551254e+00
   1.85494255e+00  2.78601563e+01 -6.35923345e+00 -6.88400593e-01
   7.37492491e+00 -4.72345975e-01  3.67426637e+00  1.27182450e+01
   8.17359846e-01 -5.04758380e+00]
 [ 2.41628788e-01 -6.79103863e+00 -5.25099549e+00 -1.77343463e+01
   1.05566015e+01 -3.98641730e+00  5.18887494e+00 -6.53849777e+00
   1.04438108e+01 -5.69762692e+00  1.21100172e+01  5.26331616e+00
  -9.43426953e+00 -4.78344995e+00  9.17293538e-01  1.40043007e+01
  -5.79864182e+00 -6.35923345e+00  3.54985597e+01 -6.21935875e+00
   2.30482908e+00 -2.64270905e+00  3.18316598e+00 -1.72649986e+00
  -3.66309562e+00  3.87955517e+00]
 [ 1.94959126e+00  9.51471005e-01 -1.37298637e+01 -5.01474902e-01
  -5.57600702e+00  1.02094991e+00  2.08711914e+00  1.08033458e+01
  -6.65947385e+00 -2.30837222e+00 -7.49272694e+00 -5.62252180e+00
  -3.14780464e+00 -8.50420991e+00  4.26832257e+00  4.61477965e+00
   7.05112563e+00 -6.88400593e-01 -6.21935875e+00  3.80805024e+01
  -4.49105891e-01  1.13926064e+00  5.62573388e-02  9.72060031e+00
  -7.87186883e+00 -5.07101417e-01]
 [-4.65353815e+00 -1.44211735e+01  7.37443750e+00 -1.16791969e-01
  -1.25859480e+01 -1.19749508e+00 -4.75185442e+00  5.92137632e+00
   5.97701919e+00  6.06466821e+00  9.07156209e+00 -6.67856827e+00
  -1.40414935e+00 -5.05102491e+00 -5.45449719e+00 -5.67328249e+00
   1.24858777e+01  7.37492491e+00  2.30482908e+00 -4.49105891e-01
   2.88724395e+01  5.78273789e+00  5.76881129e+00  8.63027221e-01
  -1.15288084e+01 -4.60149387e+00]
 [ 2.92495356e+00 -1.26348821e+00  2.13313380e+00  8.92507006e-01
  -2.74404135e+00  1.81232726e+00 -2.17703642e+01  9.58384459e+00
   2.09518146e+01 -5.79987005e+00  3.18788127e+00 -4.69505811e-01
  -5.85003098e+00  1.25805651e-01  1.02645014e+01 -8.23966395e+00
   1.50226545e+01 -4.72345975e-01 -2.64270905e+00  1.13926064e+00
   5.78273789e+00  4.55942168e+01 -6.66354195e+00  4.44332866e+00
  -1.25037686e+01 -2.01963377e+00]
 [ 1.86216756e+00 -7.46432411e+00  1.93141810e+00 -1.65776502e+00
  -3.97866686e+00 -1.67009353e+00 -2.97457394e+00  7.61425042e+00
  -9.30256196e+00 -5.41864422e+00  2.35322432e+00 -2.46312536e+00
  -4.42503314e+00  1.35540963e+00 -1.04193232e+01 -9.12532047e+00
   3.85412849e+00  3.67426637e+00  3.18316598e+00  5.62573388e-02
   5.76881129e+00 -6.66354195e+00  3.63053929e+01 -1.03230681e+01
  -2.22268636e+00  1.46615621e+01]
 [-1.02734445e+01 -1.75605130e+00 -2.42467737e+00 -7.21836926e+00
   2.35816307e+00 -7.03570282e+00 -3.87038292e+00 -7.13587088e+00
   6.90786706e+00 -3.70484297e+00 -2.02164843e+01 -1.24218885e+01
   1.09972456e+00 -4.98200250e+00  1.59962226e+01  3.11626151e+00
  -3.46085669e-01  1.27182450e+01 -1.72649986e+00  9.72060031e+00
   8.63027221e-01  4.44332866e+00 -1.03230681e+01  4.12419608e+01
   5.94530340e+00 -1.08420373e+01]
 [-8.13750261e+00  2.44397609e+00  4.04997957e+00 -3.21933248e+00
   2.77520359e+00  9.20048993e+00 -3.64219644e+00 -5.13679955e+00
  -4.48921162e+00  6.21814128e+00 -5.14137609e+00 -7.82183797e+00
   1.44584946e+01 -6.85110504e+00  4.78267978e+00 -2.25918707e+00
  -2.70452785e+00  8.17359846e-01 -3.66309562e+00 -7.87186883e+00
  -1.15288084e+01 -1.25037686e+01 -2.22268636e+00  5.94530340e+00
   4.32746839e+01  1.82967045e+00]
 [ 6.37571365e+00  1.65869881e+00 -9.24805604e+00  9.67599450e-02
   8.31356278e+00  5.02561515e-01  1.55528725e+00 -1.21195509e+00
  -6.28434580e+00 -1.17550791e+00 -4.30167698e+00  4.14474739e-01
   4.84507361e-01  2.67580580e+00 -1.77886103e+00 -2.37506674e+00
  -3.80955597e+00 -5.04758380e+00  3.87955517e+00 -5.07101417e-01
  -4.60149387e+00 -2.01963377e+00  1.46615621e+01 -1.08420373e+01
   1.82967045e+00  3.66304833e+01]]

x14: shape=(26, 26)
[[-0.16940663  1.66012305  0.79280922 -0.93931575  0.53923448  1.51186777
   1.68481287  0.5949812  -1.06795    -1.61452265 -0.67965737 -1.21516565
   1.42805568 -0.88021728 -0.34328574 -0.24626134  0.42017918  1.32238829
   0.88502526  1.96930056 -0.26789917  0.52589426  0.5043465   1.91766771
   1.04247401 -1.4337468 ]
 [-0.35100945  1.95501548  0.68310864  0.74493221 -1.58172252  0.61504957
  -1.85991487 -1.95179668 -1.73054355 -1.61549484 -1.97856715  0.74686079
   0.42821086 -0.87050394  1.15255543 -0.95106893 -0.83984385 -0.17610119
  -0.16258626  0.65054767 -1.24328821 -1.20078025 -1.12261068 -1.07279817
   1.18336628 -0.04816422]
 [-0.50534427  1.31105181 -0.75560573 -0.40401412 -0.40108486  1.90349521
   1.24951324 -0.51363443  0.61951193 -0.09172498  0.51596186  1.70248254
  -0.81058569 -1.80978915 -0.11796196 -0.83773653  1.10031016 -0.30552162
  -1.32456687 -1.43433081  1.67989603 -0.52524624 -1.63388759  1.93529339
   0.17491406 -1.94800196]
 [-1.82487929  0.19514597  0.07842415 -1.92673322 -0.56022447  0.3176055
  -0.37232639 -1.37240934 -1.13251845  1.7947374  -1.48578438 -0.11407151
   1.42595342  0.73764481  1.31189208  0.38201979 -0.75124547 -1.51367515
   0.82646236  0.25422601  0.14606569  1.37353407  1.1862114   0.33468205
   1.37297398 -0.51907442]
 [ 0.0425214  -1.90143433  1.46513209  1.21585072  0.45262379 -0.95053323
  -1.04703013 -0.04206983  0.29538426  1.15229165  1.28520637  1.91205904
   0.66868702  1.22667063 -1.23925922  1.04331429 -0.93850423  0.4084481
  -0.32172162 -0.67915934  1.05558046  1.51365399  1.78933296  1.41395416
   1.09046989 -1.83988275]
 [-1.6788513  -0.19743452 -0.05736917  1.91036499 -1.55041049  0.43455958
  -0.68136733 -0.47601139 -0.89799106 -1.16810192  0.3965144  -0.24431131
  -1.46674566 -0.73920249  1.3373249  -1.59270808  1.51858189 -0.92016468
  -1.38254005 -0.26342773  0.61579492 -0.33499335 -1.95684128 -0.91855177
   0.22409859  1.97646137]
 [-0.81143433 -1.21488039 -1.76525397  0.20955463 -1.06957581 -1.79531544
  -1.77834641 -0.20082735 -0.49220417  1.19521292  1.53225922  1.28939069
   0.55716731  1.60507703  1.38603687  0.69978345 -1.81203751 -0.48165989
  -1.08096728  1.38602596 -0.9168688  -1.51345139 -1.09289649 -0.78771493
  -1.9953821   0.16404008]
 [-1.31415006  1.28422993 -0.16648398  0.66404955  1.10078132  0.20365233
  -0.89532958  0.95318498  0.50362235  0.38449943  0.91665744 -0.16380597
  -1.08106989  1.70918138  0.78812072 -1.02563061  1.3966483  -0.44321184
   0.82319637  0.22676494  1.9193795   0.35567339 -0.36734082 -0.40140794
  -1.62471314  0.57221509]
 [ 1.41082986  1.07324151  1.93777129 -1.80448526 -1.608957   -0.0765671
  -1.15636448  1.6895051   1.63936708  1.96843821  1.04217842  0.77617356
  -0.47292801  1.95352146  0.92633698  0.17480883  0.6996263  -1.60421933
   0.25499919  0.98445839  1.8397828  -0.39513105  0.33813424 -0.85465709
  -0.25258077  1.9170196 ]
 [-0.19193734 -1.0733036  -1.00782169 -0.66972433  0.78493607 -1.93111355
  -1.95312406  0.05831164 -0.37312933  0.04314955 -1.83357678 -1.53152464
  -0.47967044  0.63249562 -0.53165812 -1.44609521  0.83948824 -1.19291098
   1.17075595 -1.00555875  1.72047511  0.86552834 -1.04865325  1.62148887
   0.18360537  0.93550203]
 [ 0.18256353 -1.12240538  0.83261574 -1.09069139 -0.02604388  1.90148047
   1.76948988  1.77534494 -0.4226852  -1.34898948  0.67181445  0.03420563
  -0.53506461  1.5168834  -1.67469522 -1.76965937  0.41787074 -1.99649796
  -0.22800743  0.56295611  1.9343999   1.38255221 -0.266009   -1.07140723
   0.07190664 -1.74304942]
 [-1.07503035  1.69859817 -0.57950796 -0.86766156  0.63199075 -0.56471431
   1.77507626  0.85533263  0.76031188 -1.65565968  1.25821301 -1.51565876
   0.22574268 -1.15509153  1.03156153 -1.6309911   0.5966716  -1.92489393
  -1.7235431   0.91575142 -0.25602897 -0.28135735  1.28785721 -1.97947677
   1.65317594  0.61549338]
 [-0.30979908 -1.87716032 -0.81146389  1.79466536  0.47353246  1.16470184
   1.22617329 -0.15999005  1.62822735  0.94148135 -1.04736205  0.13170882
   1.98216544  1.90494917  1.82141708  1.70695005  1.27188631 -0.35171124
   1.11278674  1.4316493   0.40811641  0.81110471 -1.79225584  1.20101745
   0.14059608  1.53501743]
 [-1.40737029  1.47231067 -0.43686643  0.28005101  0.17630281 -0.71167331
   1.56819405 -0.8001214   0.09724377 -0.61762277  0.78234864 -0.50079112
  -0.31478348 -1.74995362  0.19757881 -0.55377033  0.57987292  0.2836716
  -0.32510529  1.5384051  -1.99552551 -0.97653821 -0.63086026  0.1199794
  -1.56211341  0.3507229 ]
 [ 1.59149953  1.84174974 -0.45474909  1.23470681 -0.42057363 -0.83618055
  -1.17514769  0.78791816 -1.02581409  1.94385872  1.46360184  0.25363028
  -1.00929391 -0.6617531  -0.76807203  1.76892793  0.89124884 -1.58151345
  -0.86581879 -1.1201204   1.70905691  1.37474235  1.67546865  0.04894548
  -1.44056459  0.51338783]
 [-1.9754439   0.39451798  0.29456858  1.2639622   1.04637392  0.71287522
  -1.16766656  0.15959002 -0.02055328  0.56271404 -0.26092943  0.35359434
   0.05575754  0.70978266  1.22043218 -0.64807401  0.40872935  1.3553074
  -0.57177328  0.24518321 -1.95418823  1.80290227 -1.78273605  1.51136226
   1.57690975  1.10173544]
 [ 1.3011974   1.93613245  0.21807715  1.16943856  0.17538375 -0.02021336
   1.20692264  0.90941101  0.38751819 -1.08360187 -1.62604321 -1.1591179
  -1.54708498  0.78282288  1.69503619 -0.52946848  1.0707078   1.38699208
   1.2678478   0.75764505  1.48438768  1.43296289  1.54401537  0.57441867
  -1.52893473  1.18053069]
 [-1.3243529  -0.36082119 -1.25783881 -0.42060755 -1.02872322  1.91265648
  -1.21539911 -0.39228853 -0.85982756  0.35190665 -1.28943732  0.26787298
  -0.45646518  0.2534949   1.35984437  1.99834502 -0.37210302  1.79707709
   0.02025333 -0.75259792  1.83059377  1.8602705  -0.38652238  1.21061055
  -0.12918475 -0.14419164]
 [-0.37384567 -0.61407099 -1.10166247 -1.41440229 -0.4281544   1.14406228
   1.42261827 -0.67723629  1.08846661  1.40333922 -1.16539583  0.68818254
  -0.7814063   1.41888942 -1.59203249  0.05994301 -0.52518428  1.46431401
   1.7128555   0.17720523  1.59678032  1.27957844 -1.70168419 -0.73086128
   1.60607407 -0.85071512]
 [-0.7911343   0.24970043  0.89149424  1.19476243 -0.41946955  0.66445583
  -1.60766243 -1.18601577 -1.5344276  -0.59183815 -1.60239385 -0.62155083
  -0.23169033  1.92603066  0.96626576 -1.09208265  1.22761152 -0.79734389
  -0.5472108  -0.88314118 -0.58176094 -0.34673398  1.00204407 -0.13006931
  -1.51057282  0.24540857]
 [ 0.38555018  1.60393714 -1.05035219  1.44464788 -0.95884801 -1.4621467
  -1.61080735  1.84520609  0.87366845 -0.68144088  0.71294881  1.23630062
   0.6278143   1.32065387  1.87402135  1.08605687 -1.14013291 -0.17380734
   1.61686918 -1.98228801  0.28017475  0.05035522 -0.74499853  1.09278857
   0.13914904 -0.66316257]
 [ 0.94618302  1.88294    -0.94148708  0.80406708  0.72634414  0.70882205
  -1.29586882 -1.87349824 -0.2340766  -0.66804766 -0.54042575  1.3511257
   1.10461997  1.45320565  1.13120852 -0.79439779  0.0880357   0.14540307
  -0.88978612  1.65553899 -1.71472764 -1.94589261  1.73249357  1.31562535
  -1.86949509 -1.95370214]
 [ 0.19326047  1.15409444  0.39092309  0.10874432 -0.44559282  1.35842023
  -0.34342129 -0.47912075  1.29048419  0.94398574 -0.54654746 -0.62574112
   1.46462532 -1.7473773  -1.32848525 -0.3703248  -1.39713249 -0.17637744
   1.11826885  0.1598811   1.5322055   0.52712238  0.2544899  -0.52398183
  -1.07300007  1.14908433]
 [ 1.91513537 -0.42866347  0.09398373  1.13622496 -1.24107107 -0.13871223
  -0.43318659 -1.61229716 -0.72042278 -1.61680558  0.36554051  1.56967253
  -1.92772796  0.24717021  1.39064532 -1.28974632  1.94175788 -1.51024861
  -1.53966675 -1.80943683 -1.801003    0.69604318  0.53266793  0.6443858
   1.91559883  0.97130925]
 [ 1.06933424  1.24907758 -1.92652351  0.47511136 -1.28879347  0.34201624
  -1.5673911  -0.03304885  0.4316337  -1.77213778 -0.63599617  1.930271
  -0.99347828  0.97939087 -0.26051819  1.95059338  0.01735425 -0.73658131
   1.04389783  0.43069486  1.2900356  -1.69486024 -0.04629586 -1.9026482
   1.37189159 -0.25289523]
 [ 1.38195298  1.78236812  1.09511281  0.76316379 -0.55548282  0.62638045
   0.91048135 -0.83351626  0.95729156  0.22807874 -0.95635241  0.9746489
  -0.68613175  1.80908657  0.00590787  1.83534133  0.52176784  1.43913721
  -1.74669099  0.25992202 -1.09202336 -0.99489635 -0.1856179   0.50548144
   0.09392306 -0.45614721]]
