Framework: torch
Beginning symbolic replay...

Step 0
  Symbolic: Cholesky(x7:Matrix(17, 17)) -> t0
  Concrete: torch.linalg.cholesky(x7)
  Result shape: (17, 17)
  Result value:
tensor([[ 5.1389e+00,  0.0000e+00,  0.0000e+00,  0.0000e+00,  0.0000e+00,
          0.0000e+00,  0.0000e+00,  0.0000e+00,  0.0000e+00,  0.0000e+00,
          0.0000e+00,  0.0000e+00,  0.0000e+00,  0.0000e+00,  0.0000e+00,
          0.0000e+00,  0.0000e+00],
        [ 2.4872e+00,  4.4957e+00,  0.0000e+00,  0.0000e+00,  0.0000e+00,
          0.0000e+00,  0.0000e+00,  0.0000e+00,  0.0000e+00,  0.0000e+00,
          0.0000e+00,  0.0000e+00,  0.0000e+00,  0.0000e+00,  0.0000e+00,
          0.0000e+00,  0.0000e+00],
        [ 2.7370e+00,  2.1078e+00,  3.7797e+00,  0.0000e+00,  0.0000e+00,
          0.0000e+00,  0.0000e+00,  0.0000e+00,  0.0000e+00,  0.0000e+00,
          0.0000e+00,  0.0000e+00,  0.0000e+00,  0.0000e+00,  0.0000e+00,
          0.0000e+00,  0.0000e+00],
        [ 1.8074e+00, -1.0894e-01,  2.9331e-01,  4.2775e+00,  0.0000e+00,
          0.0000e+00,  0.0000e+00,  0.0000e+00,  0.0000e+00,  0.0000e+00,
          0.0000e+00,  0.0000e+00,  0.0000e+00,  0.0000e+00,  0.0000e+00,
          0.0000e+00,  0.0000e+00],
        [-6.4968e-01, -1.7425e-01, -6.8909e-01, -9.1116e-01,  4.9860e+00,
          0.0000e+00,  0.0000e+00,  0.0000e+00,  0.0000e+00,  0.0000e+00,
          0.0000e+00,  0.0000e+00,  0.0000e+00,  0.0000e+00,  0.0000e+00,
          0.0000e+00,  0.0000e+00],
        [ 7.7866e-01, -9.4415e-01,  3.0067e-01,  1.5172e-01,  1.4425e+00,
          4.1035e+00,  0.0000e+00,  0.0000e+00,  0.0000e+00,  0.0000e+00,
          0.0000e+00,  0.0000e+00,  0.0000e+00,  0.0000e+00,  0.0000e+00,
          0.0000e+00,  0.0000e+00],
        [ 1.0500e-01,  1.2935e+00,  8.6799e-01,  1.0027e+00, -2.3070e+00,
          3.5802e-01,  4.8746e+00,  0.0000e+00,  0.0000e+00,  0.0000e+00,
          0.0000e+00,  0.0000e+00,  0.0000e+00,  0.0000e+00,  0.0000e+00,
          0.0000e+00,  0.0000e+00],
        [-3.3483e-01,  1.1281e+00, -1.3171e+00, -1.6082e+00,  1.1759e-03,
         -1.2407e+00,  1.3058e+00,  2.7059e+00,  0.0000e+00,  0.0000e+00,
          0.0000e+00,  0.0000e+00,  0.0000e+00,  0.0000e+00,  0.0000e+00,
          0.0000e+00,  0.0000e+00],
        [ 4.8988e-01, -6.3260e-01, -1.0545e+00,  5.5736e-01,  2.3073e-01,
          1.2762e+00, -1.8752e+00, -2.2358e+00,  3.1263e+00,  0.0000e+00,
          0.0000e+00,  0.0000e+00,  0.0000e+00,  0.0000e+00,  0.0000e+00,
          0.0000e+00,  0.0000e+00],
        [-4.5108e-01,  1.4534e+00,  6.3707e-02,  2.8903e+00,  3.5195e-02,
         -1.4316e+00,  1.2053e-01,  4.2887e-01,  1.4785e+00,  2.5384e+00,
          0.0000e+00,  0.0000e+00,  0.0000e+00,  0.0000e+00,  0.0000e+00,
          0.0000e+00,  0.0000e+00],
        [-1.9356e+00, -2.1973e-01,  3.4395e-01, -1.2906e-01, -1.0621e+00,
         -1.3996e-01, -7.2246e-01,  1.5236e+00,  8.0421e-01, -7.3666e-01,
          3.1126e+00,  0.0000e+00,  0.0000e+00,  0.0000e+00,  0.0000e+00,
          0.0000e+00,  0.0000e+00],
        [ 2.5792e-01,  3.8858e-01, -7.0038e-01, -7.0360e-01,  1.7914e+00,
         -3.5279e+00, -1.5518e+00, -6.8425e-01,  5.0786e-01, -9.2411e-01,
         -1.6937e+00,  2.9486e+00,  0.0000e+00,  0.0000e+00,  0.0000e+00,
          0.0000e+00,  0.0000e+00],
        [ 5.5644e-01,  1.4174e+00,  2.3861e-01, -7.0573e-01,  9.1921e-01,
         -2.3230e+00,  1.2738e+00,  2.3547e+00, -1.8022e-01,  3.7509e-01,
         -1.7407e+00, -3.8482e-01,  1.8699e+00,  0.0000e+00,  0.0000e+00,
          0.0000e+00,  0.0000e+00],
        [ 1.9020e-01,  8.8197e-02, -1.9369e+00, -7.6325e-02, -1.2564e+00,
          2.9441e-01, -7.3139e-02, -1.0271e+00, -7.4561e-02,  3.4318e-01,
         -8.3907e-01, -5.3424e-01,  1.8964e+00,  4.3877e+00,  0.0000e+00,
          0.0000e+00,  0.0000e+00],
        [-1.2411e+00, -1.0744e-01,  9.0796e-01,  5.5951e-01,  3.5342e-03,
          2.9864e-01, -2.2798e+00, -2.5242e+00,  3.7650e-01,  9.4426e-01,
          1.4863e+00, -1.0295e+00,  2.0669e+00,  1.0853e+00,  1.3999e+00,
          0.0000e+00,  0.0000e+00],
        [ 2.2730e+00,  3.3659e-01, -4.6887e-01,  2.3853e+00,  1.4127e-01,
          7.6021e-01,  1.7937e+00,  3.1004e-01, -1.2469e+00,  6.2309e-01,
         -6.1837e-01, -1.7341e+00,  2.0439e+00, -9.4990e-01,  5.6670e-02,
          1.5757e+00,  0.0000e+00],
        [-3.9249e-01, -8.9750e-01, -6.9513e-01, -1.8882e+00, -5.1510e-02,
          5.6301e-01, -1.6030e+00,  7.6897e-01, -6.3927e-01,  5.1763e-01,
         -5.6391e-02, -8.3866e-01,  1.3130e+00, -2.0699e+00, -4.4303e-02,
          7.2673e-01,  1.0978e+00]], dtype=torch.float64)

Step 1
  Symbolic: Add(t0:Matrix(17, 17), x6:Matrix(17, 17)) -> t1
  Concrete: torch.add(t0, x6)
  Result shape: (17, 17)
  Result value:
tensor([[ 2.9443e+01,  5.8915e+00,  4.0827e+00, -1.2569e+01, -1.9489e+00,
         -1.0378e+01,  4.7378e-01,  1.5802e+01,  9.6669e+00,  6.3733e+00,
         -6.4227e-01, -6.7168e-01, -4.2322e+00, -3.4849e+00, -6.9526e+00,
         -9.2935e+00,  8.3532e-01],
        [ 8.3788e+00,  3.5087e+01,  5.4090e-01, -5.4243e+00,  1.0902e+01,
         -3.6063e-01,  6.7694e+00, -9.9620e-02, -1.3699e+00,  1.2170e+01,
         -5.6978e+00,  1.0490e+01,  5.2317e+00, -2.6585e+00, -4.9933e+00,
         -3.6438e+00,  2.9461e+00],
        [ 6.8197e+00,  2.6487e+00,  2.4679e+01,  5.2487e+00, -5.3684e-01,
          8.5591e-01,  5.1725e+00,  2.1959e+00, -3.9449e+00,  1.7067e+00,
         -9.3635e+00,  6.2404e+00, -1.2443e+00,  6.7747e+00,  1.6336e+00,
          3.7281e+00, -3.3169e+00],
        [-1.0761e+01, -5.5333e+00,  5.5420e+00,  3.2308e+01, -3.2150e-01,
         -1.4780e+00,  1.0677e+01, -8.1324e+00, -1.7021e+00, -7.1934e+00,
         -6.0372e+00,  5.9990e+00, -4.4600e+00, -5.6777e-02,  6.0336e+00,
          1.1842e+01, -1.5439e+01],
        [-2.5986e+00,  1.0728e+01, -1.2259e+00, -1.2327e+00,  2.4399e+01,
         -5.2237e+00,  2.3754e+00, -1.1828e+00, -4.2402e+00,  6.6733e+00,
          3.6656e+00,  4.0306e+00,  4.2057e+00,  4.9999e+00,  3.7316e+00,
         -6.7263e+00,  1.6255e+00],
        [-9.5998e+00, -1.3048e+00,  1.1566e+00, -1.3263e+00, -3.7812e+00,
          2.9144e+01, -8.6111e-01, -6.4878e+00, -5.1046e+00, -6.0009e+00,
          4.0963e+00, -1.5474e-01,  5.1607e+00,  1.8113e-01, -2.0874e+00,
          1.1068e+00,  3.0529e+00],
        [ 5.7878e-01,  8.0629e+00,  6.0405e+00,  1.1680e+01,  6.8412e-02,
         -5.0309e-01,  3.1774e+01, -1.3214e+00, -8.2470e-01,  8.3036e+00,
         -9.0594e+00,  1.1553e+01,  6.1662e+00, -5.6973e+00, -8.4582e+00,
         -1.8291e+00, -1.0173e+00],
        [ 1.5467e+01,  1.0285e+00,  8.7882e-01, -9.7406e+00, -1.1816e+00,
         -7.7285e+00, -1.5599e-02,  2.7568e+01,  1.5496e+01,  3.2377e+00,
         -4.4369e+00, -4.1322e+00, -9.2283e+00, -5.9004e-01,  4.3611e-01,
         -9.3618e-01, -7.4820e+00],
        [ 1.0157e+01, -2.0025e+00, -4.9994e+00, -1.1448e+00, -4.0095e+00,
         -3.8285e+00, -2.6999e+00,  1.3260e+01,  2.3678e+01, -4.2738e+00,
         -3.4027e+00, -8.5720e+00, -6.2210e+00, -6.6005e+00, -1.6211e+00,
          7.6930e-01, -8.0101e+00],
        [ 5.9223e+00,  1.3623e+01,  1.7704e+00, -4.3031e+00,  6.7085e+00,
         -7.4326e+00,  8.4242e+00,  3.6666e+00, -2.7953e+00,  2.4807e+01,
          2.0079e-02,  6.8306e+00,  6.0456e+00,  4.5405e+00, -5.2569e+00,
         -4.0123e+00,  1.2120e+01],
        [-2.5779e+00, -5.9175e+00, -9.0195e+00, -6.1662e+00,  2.6035e+00,
          3.9564e+00, -9.7819e+00, -2.9133e+00, -2.5985e+00, -7.1658e-01,
          2.9061e+01, -7.0345e+00, -4.5294e-01, -3.5890e+00,  4.3312e+00,
         -1.1181e+01,  7.9805e+00],
        [-4.1376e-01,  1.0879e+01,  5.5401e+00,  5.2954e+00,  5.8220e+00,
         -3.6826e+00,  1.0001e+01, -4.8165e+00, -8.0641e+00,  5.9065e+00,
         -8.7282e+00,  3.3712e+01,  9.3643e+00, -2.0968e+00, -3.6994e+00,
          7.1055e+00,  3.1011e+00],
        [-3.6758e+00,  6.6491e+00, -1.0057e+00, -5.1658e+00,  5.1249e+00,
          2.8377e+00,  7.4400e+00, -6.8735e+00, -6.4012e+00,  6.4207e+00,
         -2.1937e+00,  8.9795e+00,  2.1087e+01,  4.8226e+00, -6.9490e+00,
         -4.0740e+00,  1.7974e+01],
        [-3.2947e+00, -2.5703e+00,  4.8378e+00, -1.3310e-01,  3.7435e+00,
          4.7554e-01, -5.7704e+00, -1.6172e+00, -6.6751e+00,  4.8837e+00,
         -4.4281e+00, -2.6310e+00,  6.7191e+00,  2.7505e+01,  7.9149e+00,
          2.6930e+00,  1.0607e+01],
        [-8.1937e+00, -5.1007e+00,  2.5416e+00,  6.5931e+00,  3.7351e+00,
         -1.7888e+00, -1.0738e+01, -2.0881e+00, -1.2446e+00, -4.3126e+00,
          5.8174e+00, -4.7288e+00, -4.8821e+00,  9.0002e+00,  2.2976e+01,
          7.4147e+00, -1.7936e+00],
        [-7.0205e+00, -3.3072e+00,  3.2592e+00,  1.4228e+01, -6.5850e+00,
          1.8670e+00, -3.5322e-02, -6.2614e-01, -4.7762e-01, -3.3892e+00,
         -1.1799e+01,  5.3714e+00, -2.0301e+00,  1.7431e+00,  7.4714e+00,
          2.3082e+01, -6.2512e+00],
        [ 4.4282e-01,  2.0486e+00, -4.0121e+00, -1.7328e+01,  1.5740e+00,
          3.6159e+00, -2.6203e+00, -6.7130e+00, -8.6494e+00,  1.2637e+01,
          7.9241e+00,  2.2624e+00,  1.9287e+01,  8.5371e+00, -1.8379e+00,
         -5.5244e+00,  3.5879e+01]], dtype=torch.float64)

Step 2
  Symbolic: LogDet(x10:Matrix(26, 26)) -> t2
  Concrete: torch.linalg.logdet(x10)
  Result shape: ()
  Result value:
27.5741073246355

Step 3
  Symbolic: LogDet(t1:Matrix(17, 17)) -> t3
  Concrete: torch.linalg.logdet(t1)
  Result shape: ()
  Result value:
48.67773285170378

Step 4
  Symbolic: MatMul(x11:Matrix(26, 26), x14:Matrix(26, 26)) -> t4
  Concrete: torch.matmul(x11, x14)
  Result shape: (26, 26)
  Result value:
tensor([[-0.2934,  2.8756,  1.3733, -1.6270,  0.9340,  2.6188,  2.9183,  1.0306,
         -1.8498, -2.7966, -1.1773, -2.1048,  2.4736, -1.5247, -0.5946, -0.4266,
          0.7278,  2.2906,  1.5330,  3.4111, -0.4640,  0.9109,  0.8736,  3.3217,
          1.8057, -2.4835],
        [-0.3608,  2.0096,  0.7022,  0.7657, -1.6259,  0.6322, -1.9118, -2.0062,
         -1.7788, -1.6606, -2.0338,  0.7677,  0.4402, -0.8948,  1.1847, -0.9776,
         -0.8633, -0.1810, -0.1671,  0.6687, -1.2780, -1.2343, -1.1539, -1.1027,
          1.2164, -0.0495],
        [-0.3665,  0.9508, -0.5480, -0.2930, -0.2909,  1.3805,  0.9062, -0.3725,
          0.4493, -0.0665,  0.3742,  1.2347, -0.5879, -1.3125, -0.0856, -0.6076,
          0.7980, -0.2216, -0.9606, -1.0402,  1.2183, -0.3809, -1.1850,  1.4036,
          0.1269, -1.4128],
        [-1.3336,  0.1426,  0.0573, -1.4081, -0.4094,  0.2321, -0.2721, -1.0030,
         -0.8277,  1.3116, -1.0858, -0.0834,  1.0421,  0.5391,  0.9587,  0.2792,
         -0.5490, -1.1062,  0.6040,  0.1858,  0.1067,  1.0038,  0.8669,  0.2446,
          1.0034, -0.3793],
        [ 0.0515, -2.3031,  1.7747,  1.4727,  0.5482, -1.1513, -1.2682, -0.0510,
          0.3578,  1.3957,  1.5567,  2.3160,  0.8100,  1.4858, -1.5011,  1.2637,
         -1.1368,  0.4947, -0.3897, -0.8226,  1.2786,  1.8334,  2.1674,  1.7127,
          1.3208, -2.2286],
        [-1.1526, -0.1355, -0.0394,  1.3115, -1.0644,  0.2983, -0.4678, -0.3268,
         -0.6165, -0.8019,  0.2722, -0.1677, -1.0070, -0.5075,  0.9181, -1.0934,
          1.0426, -0.6317, -0.9492, -0.1809,  0.4228, -0.2300, -1.3434, -0.6306,
          0.1539,  1.3569],
        [-0.4068, -0.6091, -0.8850,  0.1051, -0.5362, -0.9000, -0.8915, -0.1007,
         -0.2468,  0.5992,  0.7682,  0.6464,  0.2793,  0.8047,  0.6949,  0.3508,
         -0.9084, -0.2415, -0.5419,  0.6949, -0.4597, -0.7587, -0.5479, -0.3949,
         -1.0003,  0.0822],
        [-2.1414,  2.0926, -0.2713,  1.0821,  1.7937,  0.3319, -1.4589,  1.5532,
          0.8206,  0.6265,  1.4937, -0.2669, -1.7616,  2.7851,  1.2842, -1.6713,
          2.2758, -0.7222,  1.3414,  0.3695,  3.1276,  0.5796, -0.5986, -0.6541,
         -2.6475,  0.9324],
        [ 1.7038,  1.2961,  2.3401, -2.1792, -1.9430, -0.0925, -1.3965,  2.0403,
          1.9798,  2.3772,  1.2586,  0.9373, -0.5711,  2.3591,  1.1187,  0.2111,
          0.8449, -1.9373,  0.3079,  1.1889,  2.2218, -0.4772,  0.4083, -1.0321,
         -0.3050,  2.3151],
        [-0.3783, -2.1155, -1.9864, -1.3200,  1.5471, -3.8062, -3.8496,  0.1149,
         -0.7354,  0.0850, -3.6140, -3.0186, -0.9454,  1.2467, -1.0479, -2.8503,
          1.6546, -2.3512,  2.3076, -1.9820,  3.3911,  1.7060, -2.0669,  3.1960,
          0.3619,  1.8439],
        [ 0.2099, -1.2902,  0.9571, -1.2538, -0.0299,  2.1858,  2.0341,  2.0408,
         -0.4859, -1.5507,  0.7723,  0.0393, -0.6151,  1.7437, -1.9251, -2.0343,
          0.4804, -2.2950, -0.2621,  0.6471,  2.2237,  1.5893, -0.3058, -1.2316,
          0.0827, -2.0037],
        [-0.9341,  1.4759, -0.5035, -0.7539,  0.5491, -0.4907,  1.5424,  0.7432,
          0.6606, -1.4386,  1.0933, -1.3170,  0.1961, -1.0037,  0.8963, -1.4172,
          0.5184, -1.6725, -1.4976,  0.7957, -0.2225, -0.2445,  1.1190, -1.7200,
          1.4364,  0.5348],
        [-0.1773, -1.0745, -0.4645,  1.0273,  0.2711,  0.6667,  0.7019, -0.0916,
          0.9320,  0.5389, -0.5995,  0.0754,  1.1346,  1.0904,  1.0426,  0.9771,
          0.7281, -0.2013,  0.6370,  0.8195,  0.2336,  0.4643, -1.0259,  0.6875,
          0.0805,  0.8787],
        [-0.9390,  0.9824, -0.2915,  0.1869,  0.1176, -0.4748,  1.0463, -0.5339,
          0.0649, -0.4121,  0.5220, -0.3341, -0.2100, -1.1676,  0.1318, -0.3695,
          0.3869,  0.1893, -0.2169,  1.0265, -1.3314, -0.6516, -0.4209,  0.0801,
         -1.0423,  0.2340],
        [ 2.8588,  3.3083, -0.8169,  2.2179, -0.7555, -1.5020, -2.1109,  1.4153,
         -1.8426,  3.4917,  2.6290,  0.4556, -1.8130, -1.1887, -1.3797,  3.1775,
          1.6009, -2.8408, -1.5552, -2.0120,  3.0699,  2.4694,  3.0096,  0.0879,
         -2.5876,  0.9222],
        [-1.9708,  0.3936,  0.2939,  1.2610,  1.0439,  0.7112, -1.1649,  0.1592,
         -0.0205,  0.5614, -0.2603,  0.3528,  0.0556,  0.7081,  1.2175, -0.6465,
          0.4078,  1.3521, -0.5704,  0.2446, -1.9496,  1.7986, -1.7785,  1.5078,
          1.5732,  1.0991],
        [ 1.0255,  1.5258,  0.1719,  0.9216,  0.1382, -0.0159,  0.9512,  0.7167,
          0.3054, -0.8540, -1.2815, -0.9135, -1.2192,  0.6169,  1.3358, -0.4173,
          0.8438,  1.0931,  0.9992,  0.5971,  1.1698,  1.1293,  1.2168,  0.4527,
         -1.2049,  0.9304],
        [-2.0682, -0.5635, -1.9644, -0.6569, -1.6066,  2.9870, -1.8981, -0.6126,
         -1.3428,  0.5496, -2.0137,  0.4183, -0.7129,  0.3959,  2.1237,  3.1208,
         -0.5811,  2.8065,  0.0316, -1.1753,  2.8588,  2.9052, -0.6036,  1.8906,
         -0.2017, -0.2252],
        [-0.2218, -0.3643, -0.6536, -0.8391, -0.2540,  0.6787,  0.8440, -0.4018,
          0.6457,  0.8325, -0.6914,  0.4083, -0.4636,  0.8417, -0.9445,  0.0356,
         -0.3116,  0.8687,  1.0161,  0.1051,  0.9473,  0.7591, -1.0095, -0.4336,
          0.9528, -0.5047],
        [-0.6112,  0.1929,  0.6887,  0.9230, -0.3241,  0.5133, -1.2420, -0.9162,
         -1.1854, -0.4572, -1.2379, -0.4802, -0.1790,  1.4879,  0.7465, -0.8437,
          0.9484, -0.6160, -0.4227, -0.6823, -0.4494, -0.2679,  0.7741, -0.1005,
         -1.1670,  0.1896],
        [ 0.3125,  1.3001, -0.8514,  1.1710, -0.7772, -1.1852, -1.3057,  1.4957,
          0.7082, -0.5524,  0.5779,  1.0021,  0.5089,  1.0705,  1.5190,  0.8803,
         -0.9242, -0.1409,  1.3106, -1.6068,  0.2271,  0.0408, -0.6039,  0.8858,
          0.1128, -0.5375],
        [ 0.6224,  1.2386, -0.6193,  0.5289,  0.4778,  0.4663, -0.8524, -1.2324,
         -0.1540, -0.4394, -0.3555,  0.8888,  0.7266,  0.9559,  0.7441, -0.5226,
          0.0579,  0.0956, -0.5853,  1.0890, -1.1280, -1.2800,  1.1396,  0.8654,
         -1.2298, -1.2852],
        [ 0.2472,  1.4763,  0.5000,  0.1391, -0.5700,  1.7376, -0.4393, -0.6129,
          1.6507,  1.2075, -0.6991, -0.8004,  1.8735, -2.2352, -1.6993, -0.4737,
         -1.7871, -0.2256,  1.4304,  0.2045,  1.9599,  0.6743,  0.3255, -0.6703,
         -1.3725,  1.4698],
        [ 1.6304, -0.3649,  0.0800,  0.9673, -1.0566, -0.1181, -0.3688, -1.3726,
         -0.6133, -1.3765,  0.3112,  1.3363, -1.6412,  0.2104,  1.1839, -1.0980,
          1.6531, -1.2857, -1.3108, -1.5404, -1.5333,  0.5926,  0.4535,  0.5486,
          1.6308,  0.8269],
        [ 1.8016,  2.1045, -3.2458,  0.8005, -2.1714,  0.5762, -2.6408, -0.0557,
          0.7272, -2.9857, -1.0715,  3.2522, -1.6738,  1.6501, -0.4389,  3.2864,
          0.0292, -1.2410,  1.7588,  0.7256,  2.1735, -2.8555, -0.0780, -3.2056,
          2.3114, -0.4261],
        [ 2.7120,  3.4978,  2.1491,  1.4976, -1.0901,  1.2292,  1.7867, -1.6357,
          1.8786,  0.4476, -1.8768,  1.9127, -1.3465,  3.5502,  0.0116,  3.6017,
          1.0239,  2.8242, -3.4277,  0.5101, -2.1430, -1.9524, -0.3643,  0.9920,
          0.1843, -0.8952]], dtype=torch.float64)

Step 5
  Symbolic: Transpose(x6:Matrix(17, 17)) -> t5
  Concrete: torch.transpose(x6, 0, 1)
  Result shape: (17, 17)
  Result value:
tensor([[ 2.4304e+01,  5.8915e+00,  4.0827e+00, -1.2569e+01, -1.9489e+00,
         -1.0378e+01,  4.7378e-01,  1.5802e+01,  9.6669e+00,  6.3733e+00,
         -6.4227e-01, -6.7168e-01, -4.2322e+00, -3.4849e+00, -6.9526e+00,
         -9.2935e+00,  8.3532e-01],
        [ 5.8915e+00,  3.0591e+01,  5.4090e-01, -5.4243e+00,  1.0902e+01,
         -3.6063e-01,  6.7694e+00, -9.9620e-02, -1.3699e+00,  1.2170e+01,
         -5.6978e+00,  1.0490e+01,  5.2317e+00, -2.6585e+00, -4.9933e+00,
         -3.6438e+00,  2.9461e+00],
        [ 4.0827e+00,  5.4090e-01,  2.0900e+01,  5.2487e+00, -5.3684e-01,
          8.5591e-01,  5.1725e+00,  2.1959e+00, -3.9449e+00,  1.7067e+00,
         -9.3635e+00,  6.2404e+00, -1.2443e+00,  6.7747e+00,  1.6336e+00,
          3.7281e+00, -3.3169e+00],
        [-1.2569e+01, -5.4243e+00,  5.2487e+00,  2.8031e+01, -3.2150e-01,
         -1.4780e+00,  1.0677e+01, -8.1324e+00, -1.7021e+00, -7.1934e+00,
         -6.0372e+00,  5.9990e+00, -4.4600e+00, -5.6777e-02,  6.0336e+00,
          1.1842e+01, -1.5439e+01],
        [-1.9489e+00,  1.0902e+01, -5.3684e-01, -3.2150e-01,  1.9413e+01,
         -5.2237e+00,  2.3754e+00, -1.1828e+00, -4.2402e+00,  6.6733e+00,
          3.6656e+00,  4.0306e+00,  4.2057e+00,  4.9999e+00,  3.7316e+00,
         -6.7263e+00,  1.6255e+00],
        [-1.0378e+01, -3.6063e-01,  8.5591e-01, -1.4780e+00, -5.2237e+00,
          2.5040e+01, -8.6111e-01, -6.4878e+00, -5.1046e+00, -6.0009e+00,
          4.0963e+00, -1.5474e-01,  5.1607e+00,  1.8113e-01, -2.0874e+00,
          1.1068e+00,  3.0529e+00],
        [ 4.7378e-01,  6.7694e+00,  5.1725e+00,  1.0677e+01,  2.3754e+00,
         -8.6111e-01,  2.6899e+01, -1.3214e+00, -8.2470e-01,  8.3036e+00,
         -9.0594e+00,  1.1553e+01,  6.1662e+00, -5.6973e+00, -8.4582e+00,
         -1.8291e+00, -1.0173e+00],
        [ 1.5802e+01, -9.9620e-02,  2.1959e+00, -8.1324e+00, -1.1828e+00,
         -6.4878e+00, -1.3214e+00,  2.4862e+01,  1.5496e+01,  3.2377e+00,
         -4.4369e+00, -4.1322e+00, -9.2283e+00, -5.9004e-01,  4.3611e-01,
         -9.3618e-01, -7.4820e+00],
        [ 9.6669e+00, -1.3699e+00, -3.9449e+00, -1.7021e+00, -4.2402e+00,
         -5.1046e+00, -8.2470e-01,  1.5496e+01,  2.0552e+01, -4.2738e+00,
         -3.4027e+00, -8.5720e+00, -6.2210e+00, -6.6005e+00, -1.6211e+00,
          7.6930e-01, -8.0101e+00],
        [ 6.3733e+00,  1.2170e+01,  1.7067e+00, -7.1934e+00,  6.6733e+00,
         -6.0009e+00,  8.3036e+00,  3.2377e+00, -4.2738e+00,  2.2269e+01,
          2.0079e-02,  6.8306e+00,  6.0456e+00,  4.5405e+00, -5.2569e+00,
         -4.0123e+00,  1.2120e+01],
        [-6.4227e-01, -5.6978e+00, -9.3635e+00, -6.0372e+00,  3.6656e+00,
          4.0963e+00, -9.0594e+00, -4.4369e+00, -3.4027e+00,  2.0079e-02,
          2.5948e+01, -7.0345e+00, -4.5294e-01, -3.5890e+00,  4.3312e+00,
         -1.1181e+01,  7.9805e+00],
        [-6.7168e-01,  1.0490e+01,  6.2404e+00,  5.9990e+00,  4.0306e+00,
         -1.5474e-01,  1.1553e+01, -4.1322e+00, -8.5720e+00,  6.8306e+00,
         -7.0345e+00,  3.0763e+01,  9.3643e+00, -2.0968e+00, -3.6994e+00,
          7.1055e+00,  3.1011e+00],
        [-4.2322e+00,  5.2317e+00, -1.2443e+00, -4.4600e+00,  4.2057e+00,
          5.1607e+00,  6.1662e+00, -9.2283e+00, -6.2210e+00,  6.0456e+00,
         -4.5294e-01,  9.3643e+00,  1.9217e+01,  4.8226e+00, -6.9490e+00,
         -4.0740e+00,  1.7974e+01],
        [-3.4849e+00, -2.6585e+00,  6.7747e+00, -5.6777e-02,  4.9999e+00,
          1.8113e-01, -5.6973e+00, -5.9004e-01, -6.6005e+00,  4.5405e+00,
         -3.5890e+00, -2.0968e+00,  4.8226e+00,  2.3117e+01,  7.9149e+00,
          2.6930e+00,  1.0607e+01],
        [-6.9526e+00, -4.9933e+00,  1.6336e+00,  6.0336e+00,  3.7316e+00,
         -2.0874e+00, -8.4582e+00,  4.3611e-01, -1.6211e+00, -5.2569e+00,
          4.3312e+00, -3.6994e+00, -6.9490e+00,  7.9149e+00,  2.1576e+01,
          7.4147e+00, -1.7936e+00],
        [-9.2935e+00, -3.6438e+00,  3.7281e+00,  1.1842e+01, -6.7263e+00,
          1.1068e+00, -1.8291e+00, -9.3618e-01,  7.6930e-01, -4.0123e+00,
         -1.1181e+01,  7.1055e+00, -4.0740e+00,  2.6930e+00,  7.4147e+00,
          2.1507e+01, -6.2512e+00],
        [ 8.3532e-01,  2.9461e+00, -3.3169e+00, -1.5439e+01,  1.6255e+00,
          3.0529e+00, -1.0173e+00, -7.4820e+00, -8.0101e+00,  1.2120e+01,
          7.9805e+00,  3.1011e+00,  1.7974e+01,  1.0607e+01, -1.7936e+00,
         -6.2512e+00,  3.4781e+01]], dtype=torch.float64)

Step 6
  Symbolic: MatMul(x9:Matrix(17, 17), x7:Matrix(17, 17)) -> t6
  Concrete: torch.matmul(x9, x7)
  Result shape: (17, 17)
  Result value:
tensor([[ 3.5367e+01,  3.4469e+01,  4.9314e+01,  2.7879e+01,  9.6555e+00,
          2.7347e+01,  5.6928e+01, -8.6216e+00, -1.8075e+01, -2.6407e+00,
         -3.2724e+01, -1.0827e+01,  1.0581e+00, -1.7321e+01, -3.5613e+01,
          2.3169e+01, -4.9663e+01],
        [ 2.9367e+01,  6.4340e+00,  4.8717e+01,  5.5521e+01,  1.5000e+01,
          5.9355e+01,  3.2728e+01, -5.2263e+01,  2.2786e+01,  2.2380e+01,
         -2.6673e+01, -5.2264e+01, -3.7590e+01, -5.0557e+01,  2.1458e+00,
          4.2301e+01, -3.1408e+01],
        [ 2.2664e+01,  2.2122e+01, -2.1321e+01, -2.2477e-01, -7.1097e-01,
         -6.8245e+00, -3.7416e+01,  1.5824e+01,  3.1531e+01,  1.4551e+01,
          1.1522e+01,  1.3785e+01, -1.3252e+01, -6.9151e-01, -1.0011e+01,
         -1.7468e+01,  1.4471e+01],
        [-1.1672e+01, -3.4447e+01, -4.7276e+01,  1.6326e-02, -1.4329e+01,
         -1.0285e+01, -9.1754e+01, -4.0184e+01,  8.8956e+01,  1.7366e+01,
          1.3119e+01,  4.0264e+01, -4.4354e+01,  7.9240e+01,  8.5647e+01,
         -5.1832e+01,  1.0839e+01],
        [ 1.2974e+01,  3.1461e+01,  9.4661e+00,  3.6627e+01, -9.8792e+00,
          3.8010e+01,  2.2766e+01, -3.3809e+01,  4.8469e+01,  2.5234e+01,
         -2.1303e+00, -5.2673e+01, -4.4390e+01,  1.3133e+01,  3.3700e+01,
          3.0149e+01, -2.3564e+01],
        [ 4.9155e+01,  6.2205e+01,  4.9322e+01,  4.0725e+01,  4.1989e+01,
          4.7870e+01, -4.1537e+00, -2.3479e+01,  3.7594e+01,  1.4133e+01,
         -5.0446e+01,  1.7295e+01, -3.2426e-01,  1.6199e+01, -1.0408e+01,
          2.1195e+01, -4.7881e+01],
        [ 3.8138e+01,  1.0580e+01,  4.6743e+01,  1.0253e+01, -3.7896e+01,
          6.8747e+01,  2.9726e+01, -4.7575e+01,  2.6900e+01, -3.9971e+01,
         -1.1516e+01, -7.9756e+01, -6.1157e+01, -6.7617e+00,  8.4780e+00,
          1.5602e+01, -6.9456e+00],
        [ 3.4463e+01,  6.3334e+01,  5.5967e+01,  1.3383e+01,  3.6909e-01,
         -1.5691e+01, -3.6770e+00, -3.5034e+00,  7.2051e+00,  2.5648e+01,
         -2.2868e+01,  1.8170e+01,  4.0317e+01,  2.6217e+01,  3.3670e+01,
          3.0778e+01, -3.5738e+00],
        [-4.3642e+01, -6.7144e+01, -2.3885e+01,  6.3147e+00, -4.1513e+01,
          2.9734e+01, -3.2613e+00, -6.3502e+01,  3.6638e+01, -2.0737e+01,
          2.5621e+01, -6.0349e+01, -7.0162e+01,  7.2805e+01,  8.5221e+01,
         -2.1710e+01, -1.6848e+01],
        [ 2.4501e+01, -2.3171e+01,  1.8386e+00,  1.8620e+00,  2.7289e+01,
          5.8500e+01, -7.3794e+01, -6.9124e+01,  8.7524e+01, -1.9397e+01,
         -3.6606e+01,  7.3151e+00, -5.9612e+01,  5.4498e+01,  6.4703e+01,
         -3.0291e+01, -5.0921e+00],
        [-4.8382e+01, -7.4318e+01, -6.3376e+01, -6.8846e+01,  5.4792e+01,
          5.8549e+01, -2.2731e+01,  3.6837e+00, -1.6714e+01, -8.2641e+01,
          3.9227e+00, -4.0529e+01, -2.6608e+01,  1.0290e+01, -2.4608e-01,
         -1.6620e+01,  4.8114e+01],
        [-7.9398e+01, -8.0330e+01, -5.9749e+01, -4.7564e+01,  1.7859e+01,
          4.9703e+01, -4.3824e+01, -3.1680e+01,  3.2853e+01, -3.2078e+01,
          6.4135e+01, -7.7986e+01, -8.3300e+01, -3.0946e+01,  6.4107e+01,
         -4.4642e+01,  5.5393e+01],
        [ 2.2042e+01,  3.4199e+01,  4.0860e+01, -1.4501e+01,  4.0529e+01,
         -4.7930e+00, -3.8025e+01, -9.8769e+00,  1.6438e+01, -1.9965e+00,
         -1.7009e+01,  5.9600e+01, -3.4128e-01, -3.4369e+01,  7.1486e+00,
         -3.7356e+01, -9.3090e+00],
        [-5.8808e+01, -5.3034e+01, -2.9333e+01, -5.1013e+01,  4.4042e+01,
          1.9307e+01,  1.7807e+01,  4.7033e+01, -6.2527e+01, -3.6221e+01,
          5.2287e+01, -5.9499e+01,  2.4520e+01, -5.7906e+01, -2.7413e+01,
          9.2754e-01,  4.0556e+01],
        [-2.3807e+01, -3.4691e+00,  6.4083e+00,  1.0696e+01, -3.9720e+01,
         -8.5580e+00,  7.1884e+01,  9.5849e+00, -4.5115e+01,  9.7309e+00,
          2.2505e+01, -5.1690e+01,  2.1096e+00,  2.4240e+01, -3.6484e+00,
          1.6329e+01, -3.1017e+01],
        [-1.0707e+01, -4.5517e+01, -2.6735e+01, -1.6435e+01,  3.7176e+01,
          8.6718e-01, -8.0496e+01, -3.1884e+01,  3.9681e+01, -2.0368e+01,
         -1.9917e+00,  6.0231e+01, -2.9991e+01,  4.0738e+01,  4.8223e+01,
         -6.2251e+01, -5.6296e+00],
        [-5.7354e+01, -8.8044e+01, -8.1032e+01,  2.3186e+01, -1.4115e+01,
          3.4651e+01,  2.2043e+01, -3.0913e+01,  3.3206e+01,  1.5331e+01,
          3.2085e+01, -6.5574e+01, -7.1214e+01,  1.6505e+00,  1.4201e+01,
          1.4946e+00, -5.1753e+00]], dtype=torch.float64)

Step 7
  Symbolic: MatMul(t0:Matrix(17, 17), x9:Matrix(17, 17)) -> t7
  Concrete: torch.matmul(t0, x9)
  Result shape: (17, 17)
  Result value:
tensor([[  1.5451,   0.4683,   5.0315,   8.4882,   6.1347,   5.3129,  10.1939,
           8.0203,  -3.2569,  -4.8004,  -8.3407,   1.1421,  -5.6838,  -2.8124,
           3.4205,  -5.5782,  -5.6703],
        [  3.2213,  -3.0252,   7.9131,   5.5592,  11.5451,   3.5823,   9.2338,
          -4.7561,   1.0350,   3.0884,  -8.8071,  -7.4854,  -5.5923,  -7.4127,
          -0.6424,  -3.7400,  -5.6506],
        [  9.4130,   4.4527,  -0.7561,   9.3478,   8.5959,   0.8633,   5.8052,
           7.0603,   1.7123,   5.4643,  -7.1101,  -5.9513, -10.0690,  -3.9340,
          -0.7182, -10.6509,   2.5136],
        [  4.0978,  -3.7792,  -0.9804,   4.4442,  -6.1134,   5.5711,  -3.7268,
           8.8470,   6.4989,   4.6287,  -3.3954,   5.0937,  -2.4958,   6.5331,
           8.6757,  -7.3368,  -0.0991],
        [ -2.6646,   9.3178,  -5.1448,   0.8806,   0.6886,   2.8489,   3.0986,
           3.2063,   6.9300,  -2.1453,  -1.5646,  -6.2041,  -2.2768,  -5.7622,
           7.0400,   4.6498,  -7.3304],
        [ -4.5480,  11.1321,   3.3269,   6.1170,   5.4061,   7.6729,  -1.6592,
           1.4829,   9.4567,  -2.4181,  -2.6244,  -0.4454,   0.6697,   4.3576,
          -4.0091,  -1.1410,  -8.3960],
        [  3.9323,  -4.1518,   8.2246,  -6.7133,  -6.8918,   7.7407,  -4.4705,
          -5.2210,   4.0013,  -1.6134,  -5.3407,  -7.1011,  -2.8062,  -1.7975,
          -3.8387,  -2.0828,  -5.2987],
        [ -1.9051,   0.6986,   7.7769,  -3.9165,   2.6737,  -3.1113,   4.9584,
          -9.7479,  -1.1951,  -3.8589,  -0.3470,  -5.1272,   4.9235,  -3.7918,
           1.1723,   4.9415,   0.3063],
        [ -8.5402,  -8.4935,  -0.1595,   5.7968,  -3.3025,   4.4800,  -2.8114,
           0.8160,   0.1088,  -5.8048,   0.2367,   1.3651,   1.5530,   6.7378,
           3.5004,  -1.3556,  -9.6538],
        [  5.0415, -11.9314,   1.8155,  -2.1409,  -6.5826,   4.5200,  -7.6189,
          -4.7280,   8.8073,   6.0433,  -5.3740,  -3.8378,   1.1575,   8.0857,
          10.1024,  -8.1026,  -1.2530],
        [ -4.4984,  -4.1191,  -0.6200,  -6.1859,   4.4971,  -2.3222,  -0.9819,
          -6.4105,  -5.8074,  -3.0130,   6.4946,   1.1104,   1.6705,   8.3338,
          -2.7899,   4.2020,  11.2356],
        [  0.3848,  -3.2999, -10.8392,  -0.1858,  -2.4510,  -7.5253,   6.4167,
           3.3267,  -6.1287,   3.0844,   5.7006,  -5.4431,  -4.9966, -12.3946,
          12.8237,  -0.0530,   5.6229],
        [  7.1682,   4.1548,   6.2323,  -0.9320,  -0.6742,  -4.8794,   3.7513,
           1.5440,   3.2138,   3.1443,  -5.6229,  -2.7268,  -1.2682,  -9.3812,
           9.0369,  -1.3851,  -2.7071],
        [ -6.2966, -12.4049,   9.2536,  -9.7687,   5.1203,   0.9003,  -3.6270,
           7.0933,  -3.1658,  -7.5825,   4.9932,  -1.7986,   6.2538, -10.2912,
           0.1196,  10.6846, -14.0750],
        [  0.2280,  -8.2231,  -1.9579,  -4.0333,   4.6236,   1.1512,  -3.8321,
           8.8581,  -5.2979,   3.4692,   1.4769,   5.2448,  -7.7411,   3.9301,
          -0.7607,   0.4125,  -1.3347],
        [  9.8678,   1.7612,   9.3315,   1.2815,  -2.3203,   8.1485,  -2.1671,
           5.1676,   6.5129,   4.3736, -12.5592,  11.3239,  -5.4211,   3.0046,
           5.5282,  -7.4708, -11.1226],
        [  2.0859,   5.3207,   0.3200,   1.5081,   4.5730,  -3.2240,   3.3925,
          -6.5217,  -2.8629,   4.9123,  -1.9937,  11.0437,  -1.3994,   4.5767,
          -4.0869,  -1.2395,   2.5395]], dtype=torch.float64)

Step 8
  Symbolic: LogDet(t7:Matrix(17, 17)) -> t8
  Concrete: torch.linalg.logdet(t7)
  Result shape: ()
  Result value:
37.92920344204792

Step 9
  Symbolic: Softmax(t1:Matrix(17, 17)) -> t9
  Concrete: torch.nn.functional.softmax(t1, dim=-1)
  Result shape: (17, 17)
  Result value:
tensor([[1.0000e+00, 5.9131e-11, 9.6879e-12, 5.6845e-19, 2.3268e-14, 5.0797e-18,
         2.6237e-13, 1.1906e-06, 2.5790e-09, 9.5732e-11, 8.5944e-14, 8.3453e-14,
         2.3720e-15, 5.0080e-15, 1.5620e-16, 1.5033e-17, 3.7664e-13],
        [2.5174e-12, 1.0000e+00, 9.9317e-16, 2.5489e-18, 3.1385e-11, 4.0318e-16,
         5.0353e-13, 5.2342e-16, 1.4695e-16, 1.1156e-10, 1.9391e-18, 2.0800e-11,
         1.0819e-13, 4.0506e-17, 3.9225e-18, 1.5122e-17, 1.1005e-14],
        [1.7523e-08, 2.7051e-10, 1.0000e+00, 3.6419e-09, 1.1187e-11, 4.5038e-11,
         3.3749e-09, 1.7201e-10, 3.7034e-13, 1.0546e-10, 1.6419e-15, 9.8186e-09,
         5.5139e-12, 1.6752e-08, 9.8025e-11, 7.9605e-10, 6.9395e-13],
        [1.9738e-19, 3.6789e-17, 2.3749e-12, 1.0000e+00, 6.7479e-15, 2.1227e-15,
         4.0339e-10, 2.7348e-18, 1.6966e-15, 6.9944e-18, 2.2227e-17, 3.7510e-12,
         1.0760e-16, 8.7930e-15, 3.8829e-12, 1.2939e-09, 1.8348e-21],
        [1.8847e-12, 1.1554e-06, 7.4368e-12, 7.3869e-12, 1.0000e+00, 1.3651e-13,
         2.7254e-10, 7.7645e-12, 3.6499e-13, 2.0044e-08, 9.9024e-10, 1.4265e-09,
         1.6995e-09, 3.7605e-09, 1.0578e-09, 3.0382e-14, 1.2875e-10],
        [1.4922e-17, 5.9746e-14, 7.0026e-13, 5.8473e-14, 5.0213e-15, 1.0000e+00,
         9.3109e-14, 3.3525e-16, 1.3368e-15, 5.4549e-16, 1.3243e-11, 1.8870e-13,
         3.8392e-11, 2.6402e-13, 2.7315e-14, 6.6624e-13, 4.6647e-12],
        [2.8329e-14, 5.0415e-11, 6.6716e-12, 1.8761e-09, 1.7005e-14, 9.6024e-15,
         1.0000e+00, 4.2364e-15, 6.9616e-15, 6.4134e-11, 1.8468e-18, 1.6530e-09,
         7.5652e-12, 5.3281e-17, 3.3691e-18, 2.5499e-15, 5.7418e-15],
        [5.5512e-06, 2.9776e-12, 2.5637e-12, 6.2648e-17, 3.2661e-13, 4.6855e-16,
         1.0482e-12, 9.9999e-01, 5.7150e-06, 2.7123e-11, 1.2597e-14, 1.7084e-14,
         1.0457e-16, 5.9013e-13, 1.6467e-12, 4.1747e-13, 5.9956e-16],
        [1.3422e-06, 7.0324e-12, 3.5120e-13, 1.6581e-11, 9.4507e-13, 1.1327e-12,
         3.5014e-12, 2.9893e-05, 9.9997e-01, 7.2555e-13, 1.7338e-12, 9.8632e-15,
         1.0352e-13, 7.0826e-14, 1.0297e-11, 1.1243e-10, 1.7300e-14],
        [6.2868e-09, 1.3900e-05, 9.8927e-11, 2.2783e-13, 1.3800e-08, 9.9655e-15,
         7.6736e-08, 6.5889e-10, 1.0291e-12, 9.9998e-01, 1.7185e-11, 1.5593e-08,
         7.1123e-09, 1.5788e-09, 8.7780e-14, 3.0473e-13, 3.0899e-06],
        [1.8171e-14, 6.4418e-16, 2.8961e-17, 5.0233e-16, 3.2332e-12, 1.2508e-11,
         1.3512e-17, 1.2993e-14, 1.7800e-14, 1.1688e-13, 1.0000e+00, 2.1081e-16,
         1.5214e-13, 6.6108e-15, 1.8195e-11, 3.3366e-18, 6.9959e-10],
        [1.5121e-15, 1.2133e-10, 5.8249e-13, 4.5609e-13, 7.7221e-13, 5.7535e-17,
         5.0437e-11, 1.8514e-17, 7.1958e-19, 8.4031e-13, 3.7041e-19, 1.0000e+00,
         2.6677e-11, 2.8097e-16, 5.6580e-17, 2.7870e-12, 5.0822e-14],
        [1.6854e-11, 5.1373e-07, 2.4339e-10, 3.7985e-12, 1.1189e-07, 1.1363e-08,
         1.1330e-06, 6.8856e-13, 1.1042e-12, 4.0884e-07, 7.4196e-11, 5.2822e-06,
         9.5741e-01, 8.2703e-08, 6.3853e-13, 1.1317e-11, 4.2579e-02],
        [4.2075e-14, 8.6820e-14, 1.4320e-10, 9.9334e-13, 4.7940e-11, 1.8257e-12,
         3.5387e-15, 2.2521e-13, 1.4320e-15, 1.4992e-10, 1.3546e-14, 8.1710e-14,
         9.3964e-10, 1.0000e+00, 3.1068e-09, 1.6768e-11, 4.5864e-08],
        [2.9043e-14, 6.4021e-13, 1.3345e-09, 7.6716e-08, 4.4024e-09, 1.7566e-11,
         2.2808e-15, 1.3023e-11, 3.0269e-11, 1.4080e-12, 3.5319e-08, 9.2862e-13,
         7.9667e-13, 8.5166e-07, 1.0000e+00, 1.7446e-07, 1.7482e-11],
        [8.4410e-14, 3.4597e-12, 2.4592e-09, 1.4268e-04, 1.3047e-13, 6.1118e-10,
         9.1203e-11, 5.0515e-11, 5.8603e-11, 3.1874e-12, 7.0984e-16, 2.0329e-08,
         1.2408e-11, 5.3999e-10, 1.6601e-07, 9.9986e-01, 1.8218e-13],
        [4.0754e-16, 2.0302e-15, 4.7362e-18, 7.8092e-24, 1.2631e-15, 9.7325e-15,
         1.9049e-17, 3.1801e-19, 4.5865e-20, 8.0571e-11, 7.2320e-13, 2.5142e-15,
         6.2261e-08, 1.3350e-12, 4.1655e-17, 1.0438e-18, 1.0000e+00]],
       dtype=torch.float64)

Step 10
  Symbolic: Cholesky(t6:Matrix(17, 17)) -> t10
  Concrete: torch.linalg.cholesky(t6)
  Result shape: CRASH
  Result value:
CRASH[torch] step=10 op=Cholesky(t6) _LinAlgError: linalg.cholesky: The factorization could not be completed because the input is not positive-definite (the leading minor of order 2 is not positive-definite).

Step 11
  Symbolic: Solve(t9:Matrix(17, 17), t10:Matrix(17, 17)) -> t11
  Concrete: torch.linalg.solve(t9, t10)
  Result shape: CRASH
  Result value:
CRASH[torch] step=11 op=Solve(t9, t10) UpstreamCrash: operation skipped because input(s) already crashed: t10

Step 12
  Symbolic: LogDet(t9:Matrix(17, 17)) -> t12
  Concrete: torch.linalg.logdet(t9)
  Result shape: ()
  Result value:
-0.04372576673986423

Step 13
  Symbolic: LogDet(t0:Matrix(17, 17)) -> t13
  Concrete: torch.linalg.logdet(t0)
  Result shape: ()
  Result value:
18.79817401302224

Step 14
  Symbolic: Cholesky(x8:Matrix(17, 17)) -> t14
  Concrete: torch.linalg.cholesky(x8)
  Result shape: (17, 17)
  Result value:
tensor([[ 4.3343,  0.0000,  0.0000,  0.0000,  0.0000,  0.0000,  0.0000,  0.0000,
          0.0000,  0.0000,  0.0000,  0.0000,  0.0000,  0.0000,  0.0000,  0.0000,
          0.0000],
        [ 0.5262,  4.5911,  0.0000,  0.0000,  0.0000,  0.0000,  0.0000,  0.0000,
          0.0000,  0.0000,  0.0000,  0.0000,  0.0000,  0.0000,  0.0000,  0.0000,
          0.0000],
        [ 0.0540,  0.1285,  4.8674,  0.0000,  0.0000,  0.0000,  0.0000,  0.0000,
          0.0000,  0.0000,  0.0000,  0.0000,  0.0000,  0.0000,  0.0000,  0.0000,
          0.0000],
        [ 0.2752, -1.0048,  0.2851,  4.6689,  0.0000,  0.0000,  0.0000,  0.0000,
          0.0000,  0.0000,  0.0000,  0.0000,  0.0000,  0.0000,  0.0000,  0.0000,
          0.0000],
        [-0.3736, -0.4540,  0.5618, -0.5715,  4.4194,  0.0000,  0.0000,  0.0000,
          0.0000,  0.0000,  0.0000,  0.0000,  0.0000,  0.0000,  0.0000,  0.0000,
          0.0000],
        [ 1.3866, -0.1805,  1.0923,  0.8340, -0.7545,  2.8159,  0.0000,  0.0000,
          0.0000,  0.0000,  0.0000,  0.0000,  0.0000,  0.0000,  0.0000,  0.0000,
          0.0000],
        [-2.2910, -0.1771,  0.3405,  0.6882, -1.0040, -0.9152,  3.7824,  0.0000,
          0.0000,  0.0000,  0.0000,  0.0000,  0.0000,  0.0000,  0.0000,  0.0000,
          0.0000],
        [-0.9074,  0.7087,  1.5823,  0.3721, -0.4239, -2.9745, -0.7207,  4.1336,
          0.0000,  0.0000,  0.0000,  0.0000,  0.0000,  0.0000,  0.0000,  0.0000,
          0.0000],
        [ 0.3176, -0.2092,  0.3044, -0.2467,  1.1470, -1.7954, -0.5410,  0.3468,
          4.5432,  0.0000,  0.0000,  0.0000,  0.0000,  0.0000,  0.0000,  0.0000,
          0.0000],
        [ 0.9339,  1.7829, -0.0592,  0.2515, -0.6982,  1.0600,  0.4226,  1.4225,
          2.6013,  3.6802,  0.0000,  0.0000,  0.0000,  0.0000,  0.0000,  0.0000,
          0.0000],
        [ 1.7822,  0.0231, -1.1507, -0.9785,  0.6939, -0.7635, -0.0637,  0.2940,
          0.3217, -0.4879,  5.4401,  0.0000,  0.0000,  0.0000,  0.0000,  0.0000,
          0.0000],
        [-1.5578,  0.4352,  1.7466,  0.6791,  0.4471, -0.6257, -0.0581,  0.4620,
         -0.7526,  0.1812, -2.0799,  1.7891,  0.0000,  0.0000,  0.0000,  0.0000,
          0.0000],
        [-1.1730, -2.2075,  0.7241, -0.8621,  1.7305, -0.4621,  1.4077, -0.2751,
         -1.2879, -1.0831,  1.1979,  0.2856,  1.2860,  0.0000,  0.0000,  0.0000,
          0.0000],
        [ 0.3809,  1.9419, -0.0928, -0.0235,  1.3756, -0.8454,  0.5159, -1.0330,
         -1.5399, -1.5839, -0.5691,  1.7881,  0.1493,  1.6506,  0.0000,  0.0000,
          0.0000],
        [-1.3903, -0.9534,  0.1679, -1.7246,  0.6706, -0.3207, -0.4101, -0.3842,
          0.6942, -0.0532, -0.3576,  1.1796, -0.4670, -0.4114,  2.6580,  0.0000,
          0.0000],
        [ 0.2851, -0.3288,  0.6530, -0.7278, -0.1205, -0.3419,  2.0272, -1.4003,
         -1.6731,  1.4647,  1.1304, -0.0901, -0.6030, -1.6081, -0.3660,  3.1786,
          0.0000],
        [ 0.3785,  0.3652, -0.4729,  1.5226,  2.1820,  0.0242,  1.3652,  0.7684,
          1.6320, -2.7136,  1.0503, -1.2754,  0.1351,  1.4184, -0.5784,  2.2000,
          0.5532]], dtype=torch.float64)

Step 15
  Symbolic: Solve(t7:Matrix(17, 17), t7:Matrix(17, 17)) -> t15
  Concrete: torch.linalg.solve(t7, t7)
  Result shape: (17, 17)
  Result value:
tensor([[ 1.0000e+00,  6.2737e-16,  1.3946e-15,  4.3752e-17,  4.8275e-16,
          4.2671e-16, -4.1479e-16,  1.6894e-15, -1.2414e-17,  1.1127e-15,
          5.6349e-16,  6.1139e-17,  9.0398e-16,  1.8581e-15, -1.1656e-15,
         -1.4228e-15,  1.2529e-15],
        [ 3.7594e-16,  1.0000e+00,  8.7356e-17,  1.1217e-16,  2.6086e-16,
          1.0361e-16, -7.0125e-17,  6.1024e-16, -1.4538e-16,  2.3366e-16,
          8.2926e-17,  2.0550e-17,  2.8419e-16,  6.5414e-16, -3.9312e-17,
         -4.1857e-16,  1.1540e-15],
        [ 1.0771e-16,  1.0543e-16,  1.0000e+00, -2.1697e-17,  3.5398e-16,
          1.8281e-17, -8.4448e-17,  3.8719e-16, -1.2929e-16,  2.1953e-16,
          1.0892e-16, -4.0824e-16,  3.6688e-16, -6.3215e-17, -9.5398e-17,
         -1.6337e-16,  1.1429e-15],
        [ 2.8591e-16,  3.2758e-16,  7.5029e-16,  1.0000e+00,  9.7057e-16,
          5.9727e-16,  9.3324e-17, -3.2663e-17, -1.4932e-16,  6.0194e-16,
          2.9864e-16, -2.9864e-16,  3.7330e-16,  1.1945e-15, -6.7193e-16,
         -4.4796e-16, -1.4932e-16],
        [ 9.9827e-17, -7.1526e-17, -2.0774e-17, -6.9808e-17,  1.0000e+00,
          1.8783e-16,  3.6689e-17,  1.3764e-17,  3.3415e-18, -6.7307e-17,
         -1.8014e-16,  1.5141e-16, -2.3385e-16,  3.4590e-16,  3.7432e-17,
          6.6160e-17, -3.6368e-16],
        [ 5.8830e-16,  1.0047e-16,  3.5537e-16,  7.7268e-18,  7.7181e-16,
          1.0000e+00, -1.5634e-16,  7.8504e-16, -1.6241e-16,  5.7940e-16,
          3.3462e-16,  2.5852e-16,  3.0702e-16,  1.1046e-15, -2.9076e-17,
         -6.7526e-16,  1.3016e-15],
        [-4.6524e-16,  1.1033e-16,  9.7367e-17,  4.3914e-16, -9.2803e-16,
         -4.0928e-16,  1.0000e+00,  9.2658e-16,  1.7003e-16, -6.0081e-17,
          4.4346e-16,  1.7677e-16,  4.7850e-16, -1.2668e-15, -7.3364e-17,
         -2.5789e-16,  1.2870e-15],
        [-7.1980e-17, -3.8039e-17, -1.7577e-16,  5.7966e-17, -1.7850e-16,
         -2.2058e-16,  1.0648e-17,  1.0000e+00, -5.1097e-17, -1.5329e-16,
         -0.0000e+00,  1.2774e-16,  8.9420e-17, -3.8323e-16, -2.5548e-17,
          1.0978e-16,  5.1097e-17],
        [-8.7028e-16, -1.4552e-16, -6.1204e-16, -2.0875e-17, -1.1361e-15,
         -3.9054e-16,  2.5688e-16, -1.2265e-15,  1.0000e+00, -7.7613e-16,
         -4.0146e-16, -1.3206e-16, -6.5334e-16, -2.4837e-15,  4.8366e-16,
          1.0867e-15, -1.7319e-15],
        [ 3.2845e-16,  9.3625e-19,  1.6984e-16, -2.1764e-17,  5.4725e-16,
         -5.6007e-18, -1.1203e-16,  6.8583e-16, -2.7516e-16,  1.0000e+00,
          2.7932e-16,  2.4287e-16,  5.5624e-16,  3.1138e-16, -2.8330e-16,
         -5.3056e-16,  1.6863e-15],
        [ 1.7281e-16,  5.3610e-16,  1.1583e-15,  2.5759e-16, -2.5024e-18,
          3.3541e-16, -6.0720e-16,  2.0537e-15,  1.6540e-16,  7.9286e-16,
          1.0000e+00, -2.7408e-16,  9.7000e-16,  1.3014e-16, -5.9463e-16,
         -1.3093e-15,  3.2556e-15],
        [-3.0502e-16, -1.2689e-16, -4.4594e-16, -9.1523e-17, -3.9267e-16,
         -1.8633e-16,  2.0740e-16, -8.8778e-16,  2.1771e-16, -4.5196e-16,
         -3.0294e-16,  1.0000e+00, -6.1556e-16, -8.6178e-16,  3.0778e-16,
          6.8481e-16, -1.2311e-15],
        [ 3.2684e-16, -1.9624e-17,  1.2799e-16,  1.6738e-16,  2.0152e-16,
         -1.0059e-16, -1.4287e-16,  6.2049e-16,  2.0294e-17,  2.5822e-16,
          2.9067e-16,  2.3669e-16,  1.0000e+00,  9.9117e-16, -1.2920e-16,
         -3.2203e-16,  6.7999e-16],
        [ 7.7552e-17,  2.5395e-16,  6.5818e-16,  2.0400e-16,  4.0566e-18,
          1.5041e-16, -2.9979e-16,  1.2658e-15, -9.8815e-17,  4.6673e-16,
          4.5940e-16,  7.4802e-17,  8.7622e-16,  1.0000e+00, -5.8491e-16,
         -8.0059e-16,  1.4759e-15],
        [ 3.3473e-16,  7.7552e-17,  2.5377e-16, -2.1655e-17,  5.1259e-16,
          2.5316e-16, -3.0722e-17,  4.0093e-16, -8.9375e-17,  3.0351e-16,
          1.6912e-17, -5.7528e-17,  1.7318e-16,  8.3988e-16,  1.0000e+00,
         -4.0052e-16,  5.9823e-16],
        [ 1.7679e-16,  3.5080e-16,  7.6611e-16, -3.9886e-16,  1.0873e-15,
          3.4486e-16,  2.1518e-16,  5.4536e-17, -3.6607e-16,  6.7909e-16,
          1.4522e-16, -5.9148e-17,  5.7725e-16,  1.1580e-15, -8.9695e-16,
          1.0000e+00, -5.2232e-16],
        [-8.0740e-17, -2.2857e-16, -5.8558e-16, -2.0771e-16,  1.3191e-16,
         -2.1697e-16,  3.5886e-16, -1.2601e-15, -5.5838e-17, -3.7180e-16,
         -4.7753e-16, -3.5901e-17, -6.4082e-16, -4.4044e-16,  3.8202e-16,
          7.7565e-16,  1.0000e+00]], dtype=torch.float64)

Step 16
  Symbolic: Transpose(t5:Matrix(17, 17)) -> t16
  Concrete: torch.transpose(t5, 0, 1)
  Result shape: (17, 17)
  Result value:
tensor([[ 2.4304e+01,  5.8915e+00,  4.0827e+00, -1.2569e+01, -1.9489e+00,
         -1.0378e+01,  4.7378e-01,  1.5802e+01,  9.6669e+00,  6.3733e+00,
         -6.4227e-01, -6.7168e-01, -4.2322e+00, -3.4849e+00, -6.9526e+00,
         -9.2935e+00,  8.3532e-01],
        [ 5.8915e+00,  3.0591e+01,  5.4090e-01, -5.4243e+00,  1.0902e+01,
         -3.6063e-01,  6.7694e+00, -9.9620e-02, -1.3699e+00,  1.2170e+01,
         -5.6978e+00,  1.0490e+01,  5.2317e+00, -2.6585e+00, -4.9933e+00,
         -3.6438e+00,  2.9461e+00],
        [ 4.0827e+00,  5.4090e-01,  2.0900e+01,  5.2487e+00, -5.3684e-01,
          8.5591e-01,  5.1725e+00,  2.1959e+00, -3.9449e+00,  1.7067e+00,
         -9.3635e+00,  6.2404e+00, -1.2443e+00,  6.7747e+00,  1.6336e+00,
          3.7281e+00, -3.3169e+00],
        [-1.2569e+01, -5.4243e+00,  5.2487e+00,  2.8031e+01, -3.2150e-01,
         -1.4780e+00,  1.0677e+01, -8.1324e+00, -1.7021e+00, -7.1934e+00,
         -6.0372e+00,  5.9990e+00, -4.4600e+00, -5.6777e-02,  6.0336e+00,
          1.1842e+01, -1.5439e+01],
        [-1.9489e+00,  1.0902e+01, -5.3684e-01, -3.2150e-01,  1.9413e+01,
         -5.2237e+00,  2.3754e+00, -1.1828e+00, -4.2402e+00,  6.6733e+00,
          3.6656e+00,  4.0306e+00,  4.2057e+00,  4.9999e+00,  3.7316e+00,
         -6.7263e+00,  1.6255e+00],
        [-1.0378e+01, -3.6063e-01,  8.5591e-01, -1.4780e+00, -5.2237e+00,
          2.5040e+01, -8.6111e-01, -6.4878e+00, -5.1046e+00, -6.0009e+00,
          4.0963e+00, -1.5474e-01,  5.1607e+00,  1.8113e-01, -2.0874e+00,
          1.1068e+00,  3.0529e+00],
        [ 4.7378e-01,  6.7694e+00,  5.1725e+00,  1.0677e+01,  2.3754e+00,
         -8.6111e-01,  2.6899e+01, -1.3214e+00, -8.2470e-01,  8.3036e+00,
         -9.0594e+00,  1.1553e+01,  6.1662e+00, -5.6973e+00, -8.4582e+00,
         -1.8291e+00, -1.0173e+00],
        [ 1.5802e+01, -9.9620e-02,  2.1959e+00, -8.1324e+00, -1.1828e+00,
         -6.4878e+00, -1.3214e+00,  2.4862e+01,  1.5496e+01,  3.2377e+00,
         -4.4369e+00, -4.1322e+00, -9.2283e+00, -5.9004e-01,  4.3611e-01,
         -9.3618e-01, -7.4820e+00],
        [ 9.6669e+00, -1.3699e+00, -3.9449e+00, -1.7021e+00, -4.2402e+00,
         -5.1046e+00, -8.2470e-01,  1.5496e+01,  2.0552e+01, -4.2738e+00,
         -3.4027e+00, -8.5720e+00, -6.2210e+00, -6.6005e+00, -1.6211e+00,
          7.6930e-01, -8.0101e+00],
        [ 6.3733e+00,  1.2170e+01,  1.7067e+00, -7.1934e+00,  6.6733e+00,
         -6.0009e+00,  8.3036e+00,  3.2377e+00, -4.2738e+00,  2.2269e+01,
          2.0079e-02,  6.8306e+00,  6.0456e+00,  4.5405e+00, -5.2569e+00,
         -4.0123e+00,  1.2120e+01],
        [-6.4227e-01, -5.6978e+00, -9.3635e+00, -6.0372e+00,  3.6656e+00,
          4.0963e+00, -9.0594e+00, -4.4369e+00, -3.4027e+00,  2.0079e-02,
          2.5948e+01, -7.0345e+00, -4.5294e-01, -3.5890e+00,  4.3312e+00,
         -1.1181e+01,  7.9805e+00],
        [-6.7168e-01,  1.0490e+01,  6.2404e+00,  5.9990e+00,  4.0306e+00,
         -1.5474e-01,  1.1553e+01, -4.1322e+00, -8.5720e+00,  6.8306e+00,
         -7.0345e+00,  3.0763e+01,  9.3643e+00, -2.0968e+00, -3.6994e+00,
          7.1055e+00,  3.1011e+00],
        [-4.2322e+00,  5.2317e+00, -1.2443e+00, -4.4600e+00,  4.2057e+00,
          5.1607e+00,  6.1662e+00, -9.2283e+00, -6.2210e+00,  6.0456e+00,
         -4.5294e-01,  9.3643e+00,  1.9217e+01,  4.8226e+00, -6.9490e+00,
         -4.0740e+00,  1.7974e+01],
        [-3.4849e+00, -2.6585e+00,  6.7747e+00, -5.6777e-02,  4.9999e+00,
          1.8113e-01, -5.6973e+00, -5.9004e-01, -6.6005e+00,  4.5405e+00,
         -3.5890e+00, -2.0968e+00,  4.8226e+00,  2.3117e+01,  7.9149e+00,
          2.6930e+00,  1.0607e+01],
        [-6.9526e+00, -4.9933e+00,  1.6336e+00,  6.0336e+00,  3.7316e+00,
         -2.0874e+00, -8.4582e+00,  4.3611e-01, -1.6211e+00, -5.2569e+00,
          4.3312e+00, -3.6994e+00, -6.9490e+00,  7.9149e+00,  2.1576e+01,
          7.4147e+00, -1.7936e+00],
        [-9.2935e+00, -3.6438e+00,  3.7281e+00,  1.1842e+01, -6.7263e+00,
          1.1068e+00, -1.8291e+00, -9.3618e-01,  7.6930e-01, -4.0123e+00,
         -1.1181e+01,  7.1055e+00, -4.0740e+00,  2.6930e+00,  7.4147e+00,
          2.1507e+01, -6.2512e+00],
        [ 8.3532e-01,  2.9461e+00, -3.3169e+00, -1.5439e+01,  1.6255e+00,
          3.0529e+00, -1.0173e+00, -7.4820e+00, -8.0101e+00,  1.2120e+01,
          7.9805e+00,  3.1011e+00,  1.7974e+01,  1.0607e+01, -1.7936e+00,
         -6.2512e+00,  3.4781e+01]], dtype=torch.float64)

Step 17
  Symbolic: Cholesky(t6:Matrix(17, 17)) -> t17
  Concrete: torch.linalg.cholesky(t6)
  Result shape: CRASH
  Result value:
CRASH[torch] step=17 op=Cholesky(t6) _LinAlgError: linalg.cholesky: The factorization could not be completed because the input is not positive-definite (the leading minor of order 2 is not positive-definite).

Step 18
  Symbolic: LogDet(t10:Matrix(17, 17)) -> t18
  Concrete: torch.linalg.logdet(t10)
  Result shape: CRASH
  Result value:
CRASH[torch] step=18 op=LogDet(t10) UpstreamCrash: operation skipped because input(s) already crashed: t10

Step 19
  Symbolic: Cholesky(t16:Matrix(17, 17)) -> t19
  Concrete: torch.linalg.cholesky(t16)
  Result shape: (17, 17)
  Result value:
tensor([[ 4.9299,  0.0000,  0.0000,  0.0000,  0.0000,  0.0000,  0.0000,  0.0000,
          0.0000,  0.0000,  0.0000,  0.0000,  0.0000,  0.0000,  0.0000,  0.0000,
          0.0000],
        [ 1.1951,  5.4002,  0.0000,  0.0000,  0.0000,  0.0000,  0.0000,  0.0000,
          0.0000,  0.0000,  0.0000,  0.0000,  0.0000,  0.0000,  0.0000,  0.0000,
          0.0000],
        [ 0.8281, -0.0831,  4.4952,  0.0000,  0.0000,  0.0000,  0.0000,  0.0000,
          0.0000,  0.0000,  0.0000,  0.0000,  0.0000,  0.0000,  0.0000,  0.0000,
          0.0000],
        [-2.5495, -0.4403,  1.6292,  4.3224,  0.0000,  0.0000,  0.0000,  0.0000,
          0.0000,  0.0000,  0.0000,  0.0000,  0.0000,  0.0000,  0.0000,  0.0000,
          0.0000],
        [-0.3953,  2.1063, -0.0077, -0.0901,  3.8486,  0.0000,  0.0000,  0.0000,
          0.0000,  0.0000,  0.0000,  0.0000,  0.0000,  0.0000,  0.0000,  0.0000,
          0.0000],
        [-2.1052,  0.3991,  0.5856, -1.7637, -1.8321,  3.6931,  0.0000,  0.0000,
          0.0000,  0.0000,  0.0000,  0.0000,  0.0000,  0.0000,  0.0000,  0.0000,
          0.0000],
        [ 0.0961,  1.2323,  1.1558,  2.2167,  0.0069,  0.5673,  4.3359,  0.0000,
          0.0000,  0.0000,  0.0000,  0.0000,  0.0000,  0.0000,  0.0000,  0.0000,
          0.0000],
        [ 3.2053, -0.7278, -0.1155, -0.0215,  0.4195,  0.3652, -0.1756,  3.7020,
          0.0000,  0.0000,  0.0000,  0.0000,  0.0000,  0.0000,  0.0000,  0.0000,
          0.0000],
        [ 1.9609, -0.6876, -1.2515,  1.1645, -0.4992,  0.3168, -0.3406,  2.3298,
          2.7236,  0.0000,  0.0000,  0.0000,  0.0000,  0.0000,  0.0000,  0.0000,
          0.0000],
        [ 1.2928,  1.9675,  0.1779, -0.7683,  0.7723, -1.1126,  1.8170,  0.2516,
         -1.3099,  3.0314,  0.0000,  0.0000,  0.0000,  0.0000,  0.0000,  0.0000,
          0.0000],
        [-0.1303, -1.0263, -2.0780, -0.7949,  1.4780,  1.8289, -1.0762, -1.7558,
         -0.6041,  1.4732,  2.7610,  0.0000,  0.0000,  0.0000,  0.0000,  0.0000,
          0.0000],
        [-0.1362,  1.9727,  1.4498,  0.9620, -0.0209, -0.1136,  1.2435, -0.4871,
         -1.7147, -0.2925, -0.4106,  4.3398,  0.0000,  0.0000,  0.0000,  0.0000,
          0.0000],
        [-0.8585,  1.1588, -0.0972, -1.3835,  0.3378,  0.3051,  1.8046, -1.5155,
          0.7219,  0.6453, -1.0750,  1.4927,  2.2654,  0.0000,  0.0000,  0.0000,
          0.0000],
        [-0.7069, -0.3359,  1.6311, -1.0791,  1.3883, -0.4029, -1.0355,  0.2645,
         -0.8429,  1.3810, -2.1741, -0.7815,  1.6513,  2.1831,  0.0000,  0.0000,
          0.0000],
        [-1.4103, -0.6125,  0.6119,  0.2710,  1.1675, -0.6913, -1.9585,  1.0821,
         -0.4453, -0.3619,  1.6664, -0.2553,  0.3103,  2.2118,  1.9383,  0.0000,
          0.0000],
        [-1.8851, -0.2576,  1.1719,  1.1600, -1.7709, -1.2574, -1.0449,  1.6471,
         -0.1007,  0.3086, -0.7839,  1.3962, -0.6023,  0.4209,  0.9915,  1.5665,
          0.0000],
        [ 0.1694,  0.5080, -0.7597, -3.1339,  0.0868, -0.4648,  1.4826, -2.0034,
          0.0252,  1.9421,  0.1478,  0.9309,  2.2159,  2.4010, -0.2955,  1.2638,
          0.8003]], dtype=torch.float64)

Step 20
  Symbolic: Cholesky(t4:Matrix(26, 26)) -> t20
  Concrete: torch.linalg.cholesky(t4)
  Result shape: CRASH
  Result value:
CRASH[torch] step=20 op=Cholesky(t4) _LinAlgError: linalg.cholesky: The factorization could not be completed because the input is not positive-definite (the leading minor of order 1 is not positive-definite).

Step 21
  Symbolic: Solve(t14:Matrix(17, 17), t9:Matrix(17, 17)) -> t21
  Concrete: torch.linalg.solve(t14, t9)
  Result shape: (17, 17)
  Result value:
tensor([[ 2.3072e-01,  1.3642e-11,  2.2352e-12,  1.3115e-19,  5.3682e-15,
          1.1720e-18,  6.0533e-14,  2.7468e-07,  5.9502e-10,  2.2087e-11,
          1.9829e-14,  1.9254e-14,  5.4727e-16,  1.1554e-15,  3.6038e-17,
          3.4684e-18,  8.6897e-14],
        [-2.6443e-02,  2.1781e-01, -2.5596e-13,  5.4015e-19,  6.8355e-12,
          8.7682e-17,  1.0274e-13, -3.1482e-08, -6.8195e-11,  2.1767e-11,
         -2.2722e-15,  4.5283e-12,  2.3503e-14, -1.2360e-16, -3.2760e-18,
          2.8963e-18, -7.5625e-15],
        [-1.8600e-03, -5.7487e-03,  2.0545e-01,  7.4821e-10,  2.1179e-12,
          9.2529e-12,  6.9337e-10, -2.1791e-09, -4.7208e-12,  2.0847e-11,
          1.7746e-16,  2.0171e-09,  1.1322e-12,  3.4417e-09,  2.0139e-11,
          1.6355e-10,  1.4181e-13],
        [-1.9178e-02,  4.7225e-02, -1.2544e-02,  2.1418e-01,  1.3429e-12,
         -5.6446e-13,  4.4085e-11, -2.2835e-08, -4.9464e-11,  2.1095e-12,
         -1.6640e-15, -1.2138e-10, -6.4077e-14, -2.1013e-10, -3.9793e-13,
          2.6714e-10, -1.5408e-14],
        [ 1.4543e-02,  2.9211e-02, -2.7737e-02,  2.7699e-02,  2.2627e-01,
         -1.2183e-12, -2.0752e-11,  1.7312e-08,  3.7580e-11,  4.5371e-09,
          2.2407e-10,  5.1148e-11,  3.8439e-10,  3.8626e-10,  2.3675e-10,
          1.3765e-11,  2.9119e-11],
        [-1.0501e-01,  1.0032e-02, -8.3414e-02, -5.6017e-02,  6.0630e-02,
          3.5513e-01, -2.8758e-10, -1.2503e-07, -2.7082e-10,  1.1975e-09,
          6.4732e-11, -7.3246e-10,  1.1621e-10, -1.1693e-09,  5.5752e-11,
         -1.3864e-10,  9.3653e-12],
        [ 1.2062e-01,  1.2308e-02, -4.3761e-02, -4.5171e-02,  7.4734e-02,
          8.5929e-02,  2.6439e-01,  1.4360e-07,  3.1109e-10,  1.5232e-09,
          7.5153e-11,  1.1408e-10,  1.3207e-10, -4.5203e-10,  7.4594e-11,
         -9.3221e-11,  1.0040e-11],
        [ 4.5771e-03, -2.7033e-02, -1.4801e-01, -6.4623e-02,  7.9865e-02,
          2.7053e-01,  4.6095e-02,  2.4191e-01,  1.3826e-06,  1.5921e-09,
          8.2672e-11, -1.2639e-09,  1.4564e-10, -2.1789e-09,  7.0131e-11,
         -2.0115e-10,  1.1444e-11],
        [-4.9416e-02,  1.3099e-02, -3.4320e-02, -1.7942e-02, -3.0366e-02,
          1.2992e-01,  2.7962e-02, -1.8462e-02,  2.2010e-01, -6.1408e-10,
         -2.7972e-11, -3.3384e-10, -4.6572e-11, -6.8909e-10, -3.3317e-11,
         -2.5711e-11, -3.3419e-12],
        [ 7.8539e-03, -1.0641e-01,  1.0942e-01,  4.9601e-02,  7.4759e-03,
         -3.0855e-01, -6.7939e-02, -8.0457e-02, -1.5558e-01,  2.7172e-01,
          7.7166e-12,  5.2077e-09,  1.9335e-09,  2.2900e-09,  1.7108e-11,
          1.3363e-10,  8.3961e-07],
        [-9.1117e-02, -4.6770e-03,  5.2360e-02,  3.5604e-02, -2.1326e-02,
          8.7393e-04, -7.1440e-03, -1.9198e-02, -2.6970e-02,  2.4368e-02,
          1.8382e-01,  8.5187e-10,  1.3736e-10,  8.3540e-10, -1.4252e-11,
          8.4716e-11,  7.5422e-08],
        [ 5.1288e-02, -5.0857e-02, -1.4589e-01, -6.3764e-02, -9.1865e-02,
          1.4404e-01,  7.0211e-03, -8.4399e-02,  7.6990e-02,  8.1017e-04,
          2.1370e-01,  5.5894e-01, -1.3063e-10, -2.7882e-09, -1.0718e-10,
         -1.8837e-10,  2.6417e-09],
        [-4.5020e-03,  2.9298e-01, -5.9080e-02,  1.2660e-01, -3.3126e-01,
         -7.1150e-02, -3.0365e-01,  2.1343e-03,  9.7409e-02,  2.0597e-01,
         -2.1869e-01, -1.2415e-01,  7.4448e-01,  6.2400e-08, -3.5818e-10,
          1.3619e-10,  3.3110e-02],
        [-2.4838e-01, -3.5877e-01,  1.6723e-01,  2.5712e-02, -2.9922e-02,
          1.5750e-04, -7.5496e-02,  1.4159e-01, -4.5459e-02,  2.4963e-01,
         -1.4835e-01, -5.9427e-01, -6.7343e-02,  6.0583e-01,  1.8641e-09,
          1.6912e-10, -2.9941e-03],
        [ 4.0615e-02,  1.1330e-01,  4.6121e-02,  1.7390e-01, -4.3542e-02,
         -2.1181e-02, -3.0316e-02,  9.5343e-02, -8.8323e-02,  8.3182e-02,
         -1.3149e-01, -3.6185e-01,  1.2037e-01,  9.3770e-02,  3.7622e-01,
          6.5890e-08,  5.3535e-03],
        [-2.3070e-01, -3.9788e-02, -1.0493e-01,  5.4727e-02, -9.4817e-02,
          3.0105e-01, -1.9883e-01,  2.2138e-01,  1.8463e-01,  4.1086e-02,
         -1.9099e-01, -3.5003e-01,  1.2101e-01,  3.1730e-01,  4.3323e-02,
          3.1456e-01,  5.3820e-03],
        [ 1.6275e+00,  6.8937e-02,  8.9021e-01, -5.4611e-01, -7.4644e-01,
         -3.3724e+00, -7.5751e-02, -1.9787e+00, -1.9177e+00,  5.2175e-01,
          1.1996e+00,  3.8566e+00, -3.6454e-01, -2.7174e+00,  2.2110e-01,
         -1.2510e+00,  1.7916e+00]], dtype=torch.float64)

Step 22
  Symbolic: Cholesky(t14:Matrix(17, 17)) -> t22
  Concrete: torch.linalg.cholesky(t14)
  Result shape: CRASH
  Result value:
CRASH[torch] step=22 op=Cholesky(t14) _LinAlgError: linalg.cholesky: The factorization could not be completed because the input is not positive-definite (the leading minor of order 8 is not positive-definite).

Step 23
  Symbolic: LogDet(t19:Matrix(17, 17)) -> t23
  Concrete: torch.linalg.logdet(t19)
  Result shape: ()
  Result value:
18.759303990595853

Step 24
  Symbolic: MatMul(t19:Matrix(17, 17), t21:Matrix(17, 17)) -> t24
  Concrete: torch.matmul(t19, t21)
  Result shape: (17, 17)
  Result value:
tensor([[ 1.1374e+00,  6.7256e-11,  1.1019e-11,  6.4656e-19,  2.6465e-14,
          5.7777e-18,  2.9842e-13,  1.3542e-06,  2.9334e-09,  1.0889e-10,
          9.7754e-14,  9.4921e-14,  2.6980e-15,  5.6962e-15,  1.7766e-16,
          1.7099e-17,  4.2839e-13],
        [ 1.3292e-01,  1.1762e+00,  1.2889e-12,  3.0737e-18,  3.6920e-11,
          4.7491e-16,  6.2715e-13,  1.5825e-07,  3.4281e-10,  1.4394e-10,
          1.1426e-14,  2.4477e-11,  1.2757e-13,  7.1333e-16,  2.5376e-17,
          1.9786e-17,  6.3008e-14],
        [ 1.8490e-01, -4.3942e-02,  9.2353e-01,  3.3634e-09,  8.9567e-12,
          4.1594e-11,  3.1169e-09,  2.2030e-07,  4.7721e-10,  1.1019e-10,
          1.7408e-14,  9.0669e-09,  5.0880e-12,  1.5471e-08,  9.0529e-11,
          7.3518e-10,  7.1005e-13],
        [-6.6249e-01,  9.8862e-02,  2.8049e-01,  9.2577e-01,  6.2315e-12,
          1.2635e-11,  1.3200e-09, -7.8868e-07, -1.7084e-09, -2.2813e-11,
         -5.6455e-14,  2.7595e-09,  1.5558e-12,  4.6988e-09,  3.1089e-11,
          1.4211e-09, -5.3785e-14],
        [-8.9188e-02,  5.6698e-01, -1.0719e-01,  8.7298e-02,  8.7084e-01,
         -4.7084e-12, -8.8956e-11, -1.0620e-07, -2.2974e-10,  1.7498e-08,
          8.6234e-10,  2.0187e-10,  1.4794e-09,  1.4791e-09,  9.1105e-10,
          2.7649e-11,  1.1202e-10],
        [-8.7797e-01, -1.6201e-02, -1.1480e-01, -6.3538e-01, -1.9064e-01,
          1.3115e+00, -6.9583e-10, -1.0453e-06, -2.2644e-09, -3.9191e-09,
         -1.7149e-10, -1.4017e-09, -2.7427e-10, -2.6398e-09, -2.1535e-10,
         -9.1263e-10, -1.8838e-11],
        [ 4.0845e-01,  4.2570e-01, -2.7613e-02,  2.4735e-01,  3.5999e-01,
          5.7403e-01,  1.1463e+00,  4.8629e-07,  1.0535e-09,  7.3727e-09,
          3.6412e-10,  2.1473e-09,  6.4240e-10,  8.9135e-10,  3.7908e-10,
          2.9845e-10,  4.9173e-11],
        [ 7.2290e-01, -2.4519e-01, -6.0580e-01, -2.4475e-01,  3.9959e-01,
          1.1161e+00,  1.2421e-01,  8.9558e-01,  5.1201e-06,  8.0194e-09,
          4.1055e-10, -5.1785e-09,  7.1951e-10, -8.6449e-09,  3.6388e-10,
         -7.9779e-10,  5.6504e-11],
        [ 2.4505e-01, -1.3049e-01, -7.0771e-01,  3.3796e-02, -1.5855e-02,
          1.0674e+00,  9.3490e-02,  5.1332e-01,  5.9948e-01, -3.6318e-10,
         -5.0008e-13, -6.8191e-09,  1.0886e-11, -1.1915e-08, -7.8967e-11,
         -4.5132e-10,  2.5485e-12],
        [ 6.9757e-01,  7.8491e-02,  3.7747e-01, -5.3171e-03,  3.2562e-01,
         -1.2764e+00,  2.4941e-01, -1.5885e-01, -7.5994e-01,  8.2369e-01,
          3.1844e-10,  1.7428e-08,  6.3667e-09,  8.8479e-09,  3.7339e-10,
          2.0751e-10,  2.5452e-06],
        [-5.0236e-01, -3.3097e-01,  2.2977e-02,  1.1253e-01,  1.9513e-01,
         -4.4861e-01, -5.0217e-01, -5.8513e-01, -4.3663e-01,  4.6757e-01,
          5.0752e-01,  6.9582e-09,  3.6363e-09,  1.8564e-09,  2.1291e-10,
          1.1440e-10,  1.4452e-06],
        [ 3.9707e-01,  2.8338e-01, -3.1427e-01, -8.7945e-02, -2.9763e-01,
          4.2699e-01,  3.1163e-01, -4.2103e-01,  1.3284e-02, -8.5964e-02,
          8.5194e-01,  2.4257e+00, -1.0353e-09, -6.5198e-09, -3.3104e-10,
         -3.5563e-10, -2.6507e-07],
        [ 1.1533e-01,  7.9733e-01, -2.5416e-01, -1.1524e-01, -7.7294e-01,
         -1.9901e-01, -2.8612e-01, -5.3238e-01,  4.2307e-01,  6.1695e-01,
         -3.7401e-01,  5.5310e-01,  1.6865e+00,  1.3949e-07, -8.4516e-10,
         -2.8258e-10,  7.5006e-02],
        [-5.3689e-01, -5.2438e-01,  7.9763e-01,  1.8081e-01, -2.2478e-01,
         -9.2771e-01, -1.0351e+00,  3.8877e-01, -3.4029e-01,  1.2067e+00,
         -1.2516e+00, -1.9391e+00,  1.0823e+00,  1.3226e+00,  3.9252e-09,
          8.6011e-10,  4.8138e-02],
        [-1.0750e+00, -5.9549e-01,  6.1428e-01,  6.4654e-01, -9.2302e-02,
         -1.6538e-01, -7.8944e-01,  7.8730e-01, -3.4784e-01,  7.1933e-01,
         -3.9908e-01, -2.1970e+00,  3.1536e-01,  1.5217e+00,  7.2924e-01,
          1.2853e-07,  1.4027e-02],
        [-7.3727e-01, -5.0875e-01, -3.8014e-02,  3.0349e-01, -5.3443e-01,
          4.9487e-01, -3.9912e-01,  7.7232e-01,  1.8228e-01,  1.9372e-01,
         -2.0601e-01, -3.0205e-01, -1.6786e-01,  8.4499e-01,  4.4090e-01,
          4.9274e-01, -7.4645e-03],
        [ 7.4784e-01, -4.5782e-01,  1.0716e+00, -6.1552e-01, -1.6429e+00,
         -3.5109e+00, -9.8318e-01, -1.7101e+00, -1.3976e+00,  2.0327e+00,
          1.4288e-01,  1.5694e+00,  1.3136e+00, -3.4687e-01,  1.2053e-01,
         -6.0367e-01,  1.5052e+00]], dtype=torch.float64)

Step 25
  Symbolic: Sum(t19:Matrix(17, 17)) -> t25
  Concrete: torch.sum(t19)
  Result shape: ()
  Result value:
73.87476928310129

Step 26
  Symbolic: Cholesky(t4:Matrix(26, 26)) -> t26
  Concrete: torch.linalg.cholesky(t4)
  Result shape: CRASH
  Result value:
CRASH[torch] step=26 op=Cholesky(t4) _LinAlgError: linalg.cholesky: The factorization could not be completed because the input is not positive-definite (the leading minor of order 1 is not positive-definite).

Step 27
  Symbolic: Solve(t11:Matrix(17, 17), t15:Matrix(17, 17)) -> t27
  Concrete: torch.linalg.solve(t11, t15)
  Result shape: CRASH
  Result value:
CRASH[torch] step=27 op=Solve(t11, t15) UpstreamCrash: operation skipped because input(s) already crashed: t11

Step 28
  Symbolic: Solve(t16:Matrix(17, 17), x8:Matrix(17, 17)) -> t28
  Concrete: torch.linalg.solve(t16, x8)
  Result shape: (17, 17)
  Result value:
tensor([[ 8.7908e+01, -7.9526e+01, -2.0853e+00,  1.4517e+02,  2.0755e+01,
          1.2084e+02, -1.1283e+02, -6.0424e+01,  4.8697e+01,  9.9605e+01,
                 nan, -7.7085e+00, -8.6433e+01, -1.0314e+02, -3.4276e+01,
         -9.5741e+01,  1.9950e+01],
        [-5.8995e+01,  5.5367e+01,  5.1135e-01, -1.0262e+02, -1.4900e+01,
         -8.4723e+01,  8.0116e+01,  4.0270e+01, -3.9891e+01, -7.3839e+01,
                 nan,  2.6700e+00,  6.4268e+01,  7.4066e+01,  2.2267e+01,
          7.3690e+01, -1.3602e+01],
        [-3.6248e+01,  3.2846e+01,  2.3573e+00, -6.2164e+01, -7.8347e+00,
         -5.0760e+01,  4.7741e+01,  2.4759e+01, -2.0853e+01, -4.2742e+01,
                 nan,  2.2850e+00,  3.8286e+01,  4.3225e+01,  1.4559e+01,
          4.3044e+01, -8.1356e+00],
        [ 1.0251e+02, -9.5235e+01,  9.0601e-01,  1.9067e+02,  2.3314e+01,
          1.4877e+02, -1.3993e+02, -5.7441e+01,  6.6204e+01,  1.2587e+02,
                 nan, -3.1980e+00, -1.1340e+02, -1.2985e+02, -4.6926e+01,
         -1.3327e+02,  3.1286e+01],
        [ 6.6792e+01, -6.1363e+01, -1.0058e-01,  1.1557e+02,  1.8303e+01,
          9.4118e+01, -8.8503e+01, -4.4119e+01,  4.1890e+01,  7.9141e+01,
                 nan, -4.2422e+00, -6.8860e+01, -8.1111e+01, -2.7415e+01,
         -7.8085e+01,  1.9414e+01],
        [ 8.3459e+01, -7.6052e+01, -6.0254e-01,  1.4589e+02,  1.9759e+01,
          1.1937e+02, -1.1251e+02, -5.4612e+01,  5.4479e+01,  1.0312e+02,
                 nan, -3.9159e+00, -9.0938e+01, -1.0312e+02, -3.3405e+01,
         -1.0371e+02,  2.0709e+01],
        [-8.7358e+01,  8.1448e+01, -1.2128e+00, -1.6151e+02, -2.0397e+01,
         -1.2792e+02,  1.2183e+02,  5.0618e+01, -6.0009e+01, -1.1093e+02,
                 nan,  1.8024e+00,  9.9463e+01,  1.1240e+02,  3.7872e+01,
          1.1712e+02, -2.4099e+01],
        [-9.1956e+00,  5.2297e+00,  2.2844e+00, -5.0462e+00, -2.9011e+00,
         -1.0869e+01,  1.1759e+01,  1.6423e+01, -9.8514e+00, -1.3867e+01,
                 nan,  1.9658e+00,  1.0595e+01,  7.7928e+00, -2.4953e+00,
          8.5730e+00,  3.0959e+00],
        [-1.8349e+01,  1.9196e+01, -3.0589e-01, -3.5610e+01, -3.0904e+00,
         -2.5700e+01,  2.1652e+01,  6.4727e+00, -1.5511e+00, -1.4845e+01,
                 nan,  1.9943e+00,  1.3789e+01,  2.2478e+01,  1.2016e+01,
          1.5966e+01, -6.6368e+00],
        [ 7.1893e+01, -6.6416e+01, -2.7544e-01,  1.2681e+02,  1.6317e+01,
          1.0460e+02, -9.9436e+01, -4.7168e+01,  5.1084e+01,  9.4491e+01,
                 nan, -2.5497e+00, -8.2351e+01, -9.2525e+01, -2.7305e+01,
         -9.4195e+01,  1.4878e+01],
        [-1.1107e+02,  1.0390e+02,  2.2963e-01, -2.0220e+02, -2.6353e+01,
         -1.6260e+02,  1.5382e+02,  6.9879e+01, -7.6282e+01, -1.4130e+02,
                 nan,  2.4705e+00,  1.2637e+02,  1.4195e+02,  4.5768e+01,
          1.4733e+02, -2.8903e+01],
        [-9.8362e+00,  1.0108e+01, -1.7335e-01, -1.5711e+01, -2.1979e+00,
         -1.2305e+01,  9.8407e+00,  5.0433e+00,  6.9237e-02, -6.4646e+00,
                 nan,  2.8551e+00,  4.5446e+00,  1.1185e+01,  5.6598e+00,
          4.0612e+00, -3.4133e+00],
        [-3.4175e+00, -1.3024e+00,  8.0725e-01, -8.8614e+00, -8.6531e-01,
         -6.5882e+00,  7.6714e+00,  3.1450e+00, -1.0168e+01, -1.0794e+01,
                 nan, -2.0480e+00,  1.2231e+01,  3.6432e+00,  2.1144e+00,
          1.3176e+01, -4.5190e+00],
        [-8.6818e+01,  8.3466e+01, -1.5308e+00, -1.5998e+02, -2.0949e+01,
         -1.2699e+02,  1.1892e+02,  5.0877e+01, -5.6623e+01, -1.0775e+02,
                 nan,  3.3055e+00,  9.5033e+01,  1.1291e+02,  3.7813e+01,
          1.1115e+02, -2.4633e+01],
        [ 3.6938e+01, -3.6158e+01, -5.7000e-01,  6.4177e+01,  8.4929e+00,
          5.4039e+01, -5.1168e+01, -2.6034e+01,  2.5454e+01,  4.7676e+01,
                 nan, -1.2546e+00, -4.1286e+01, -4.8175e+01, -1.1940e+01,
         -4.8173e+01,  5.4308e+00],
        [-4.1830e+01,  3.9716e+01, -6.1720e-01, -8.4915e+01, -8.8838e+00,
         -6.5945e+01,  6.4365e+01,  2.3052e+01, -3.7503e+01, -6.1845e+01,
                 nan, -3.1723e+00,  5.7773e+01,  5.8409e+01,  1.7499e+01,
          7.1781e+01, -1.1078e+01],
        [ 4.9711e+01, -4.5503e+01,  9.8064e-01,  9.6916e+01,  1.2313e+01,
          7.3616e+01, -6.9287e+01, -2.6098e+01,  3.5685e+01,  6.2995e+01,
                 nan, -4.3207e-01, -5.8113e+01, -6.3815e+01, -2.4705e+01,
         -6.8945e+01,  2.0252e+01]], dtype=torch.float64)

Step 29
  Symbolic: Sum(t20:Matrix(26, 26)) -> t29
  Concrete: torch.sum(t20)
  Result shape: CRASH
  Result value:
CRASH[torch] step=29 op=Sum(t20) UpstreamCrash: operation skipped because input(s) already crashed: t20

Framework: torch
Final result:
CRASH[torch] step=29 op=Sum(t20) UpstreamCrash: operation skipped because input(s) already crashed: t20