Framework: tf
Beginning symbolic replay...

Step 0
  Symbolic: Add(x32:Matrix(391, 222), x32:Matrix(391, 222)) -> t0
  Concrete: tf.add(x32, x32)
  Result shape: (391, 222)
  Result value:
[[ 3.6040275  -0.9422991  -1.9308779  ... -3.0596414  -0.9119555
   3.1048722 ]
 [-2.0831995   1.0009547  -2.1333709  ...  1.3468026  -2.7237716
  -0.95349216]
 [-0.16388829  0.33016285 -2.5480144  ... -1.8253978  -3.380542
  -0.8653673 ]
 ...
 [ 1.7139527  -2.3407724  -1.3890198  ...  0.9347972  -2.6466317
  -2.116799  ]
 [ 1.8815988   1.6582671  -2.5704582  ... -3.9023743   1.6304642
  -1.3017659 ]
 [ 2.5380273   3.3709502  -2.4191558  ...  0.68612164 -1.3440162
   1.9649959 ]]

Step 1
  Symbolic: Subtract(x9:Matrix(484, 484), x5:Matrix(484, 484)) -> t1
  Concrete: tf.subtract(x9, x5)
  Result shape: (484, 484)
  Result value:
[[ 1.1127071   0.89939106  0.41071403 ...  0.35636184  1.1621273
  -0.30363518]
 [ 0.89939106 -0.9240105   1.804677   ... -3.5699713   1.3864075
  -1.2271683 ]
 [ 0.41071403  1.804677   -1.076596   ... -0.49462092  0.70062876
   1.4227303 ]
 ...
 [ 0.35636184 -3.5699713  -0.49462092 ...  1.8379211   0.03781497
  -0.53820586]
 [ 1.1621273   1.3864075   0.70062876 ...  0.03781497  1.2344232
   1.3457217 ]
 [-0.30363518 -1.2271683   1.4227303  ... -0.53820586  1.3457217
  -2.0400429 ]]

Step 2
  Symbolic: Subtract(x41:Matrix(237, 237), x44:Matrix(237, 237)) -> t2
  Concrete: tf.subtract(x41, x44)
  Result shape: (237, 237)
  Result value:
[[ 0.40699905 -1.1362851  -0.4255246  ...  0.98370486  0.7320154
  -0.86944884]
 [-1.1362851  -0.96089685 -2.222227   ...  0.08345085 -0.22707754
  -0.24825135]
 [-0.4255246  -2.222227    1.1348801  ... -0.63859546 -0.00365138
  -0.5904528 ]
 ...
 [ 0.98370486  0.08345085 -0.63859546 ...  0.0678966  -0.2316587
   1.7481427 ]
 [ 0.7320154  -0.22707754 -0.00365138 ... -0.2316587  -2.0941772
   0.5436975 ]
 [-0.86944884 -0.24825135 -0.5904528  ...  1.7481427   0.5436975
  -1.3973778 ]]

Step 3
  Symbolic: Add(x39:Matrix(2, 449), x39:Matrix(2, 449)) -> t3
  Concrete: tf.add(x39, x39)
  Result shape: (2, 449)
  Result value:
[[-1.6995344e+00 -4.1679591e-01  8.3307076e-01 -3.1403913e+00
  -1.4305880e+00  2.3140383e+00  7.6893580e-01 -2.7734926e+00
   3.1967983e+00 -3.8211620e+00  1.9851220e+00  2.8290534e-01
  -3.4152060e+00  1.0413951e+00 -8.1932467e-01 -2.6469705e+00
  -2.4665036e+00  2.0869026e+00 -1.9680914e-01 -1.7507507e-01
   4.9285644e-01  7.4445611e-01  1.6588956e+00 -2.3389797e+00
   3.7041500e+00  2.0145700e+00  3.1573775e-01  1.4095261e+00
   3.4335210e+00  2.7716404e-01 -3.2549880e+00  2.7455308e+00
   3.6669099e+00  3.3368044e+00  5.4065472e-01  5.4446375e-01
   1.8628501e+00  9.3062365e-01  1.4204932e+00  3.0374472e+00
  -2.8556490e+00  3.1971793e+00  1.5352752e+00  3.4104817e+00
  -2.7866807e+00 -3.8893244e+00  2.7954450e+00  2.3648489e+00
   1.0307397e+00  2.9325552e+00 -2.8826544e+00 -2.9529924e+00
  -3.2759681e+00 -2.4615762e+00 -3.8188038e+00  2.7823834e+00
  -3.8012230e-01 -2.2892506e+00  3.6367776e+00  1.1658721e+00
  -3.8472755e+00 -3.2199507e+00 -1.9151121e+00  1.1552914e+00
   1.8228759e+00  2.0482902e-01  6.3742054e-01  3.8287706e+00
   3.0870731e+00 -3.5052149e+00 -3.9075396e+00  6.8532449e-01
   2.4564193e-01 -4.6222550e-01  3.0128694e+00 -1.0142957e+00
  -2.9154699e+00 -1.8232725e+00 -1.0158359e+00  1.7767827e-01
   3.8184645e+00 -1.8217418e-01 -1.8595914e+00 -2.7303126e+00
  -8.5807908e-01  2.5451736e+00 -3.6661854e+00 -1.2323607e+00
   8.4822661e-01 -2.4958158e+00 -5.8814847e-01 -3.2945416e+00
  -1.7857726e+00  1.5946916e+00  1.6403787e-01 -2.2778184e+00
   3.2686820e+00  8.2412678e-01 -1.6077363e+00 -1.9201622e+00
   2.9044170e+00 -3.9282653e+00 -2.0122115e-01  2.0813797e+00
   2.5323815e+00 -2.3736448e+00 -2.8421879e+00 -2.4563409e-02
   2.9963391e+00  9.0521085e-01 -1.7803420e+00  5.9859920e-01
  -1.7300076e+00 -3.4031799e-01 -3.9341440e+00 -1.5402344e+00
   1.6604167e+00  9.0018213e-01 -1.2440972e+00  1.4104711e+00
   1.6564883e+00 -1.0828378e+00 -3.0335665e+00  3.4364083e+00
  -3.5341172e+00 -2.1176577e+00  2.7834194e+00 -3.7571828e+00
  -7.3222589e-01 -3.1483314e+00 -3.2654622e+00  2.5124793e+00
   3.1010728e+00 -1.9097948e+00 -1.8313705e+00  3.6391442e+00
  -1.4133831e+00  6.0727572e-01  9.6357763e-01  3.9056780e+00
  -7.9681003e-01 -3.2083170e+00 -1.6476591e+00 -3.9870009e+00
   3.9663665e+00 -1.9836705e+00  5.9259272e-01 -1.2697052e+00
  -9.3771613e-01  1.6531994e+00 -2.6909719e+00 -3.2266414e+00
   1.4158193e-02  2.2548919e+00  1.1825702e-01  3.9288106e+00
  -5.0649011e-01  2.2576542e+00 -3.3666327e+00 -3.3699770e+00
  -2.8831558e+00  3.6447051e+00  2.5678003e+00 -2.7028403e+00
  -1.6743333e+00  2.1799071e+00  7.4192725e-02  3.3449140e+00
  -2.5970862e+00  3.7872279e+00  1.1355478e+00 -2.8897510e+00
  -1.1246824e+00  2.3372903e+00 -1.4094721e+00 -1.9319450e+00
   1.7018501e+00  3.3506966e+00  2.0700617e+00  2.2323124e+00
   2.1996481e+00 -3.4971292e+00 -2.9774415e+00  3.9521053e+00
  -9.0159941e-01  8.0256504e-01 -5.1071322e-01 -3.6575282e+00
  -2.6509233e+00  3.1217015e+00 -3.6995966e+00  1.3200445e+00
   7.6927382e-01  7.6191139e-01  1.6512644e-01 -2.4443357e+00
   1.3776376e+00 -1.6487523e+00  2.2681050e+00  1.5211971e+00
  -6.0051594e-02  2.4176018e+00 -3.1493278e+00 -3.1175511e+00
   1.2111892e+00  2.4983916e+00 -6.4295751e-01  1.9863345e-01
   1.5874795e+00  3.8272035e+00 -1.6996506e+00 -8.8887227e-01
  -2.0157094e+00  3.8269827e+00 -3.7351830e+00 -1.9620668e+00
   1.6101327e+00  3.8630085e+00 -3.9311547e+00  8.7225354e-01
  -2.1074414e+00 -5.8838540e-01 -3.9783742e+00  6.7469239e-01
   1.2442890e+00 -2.0798814e+00  7.8677088e-01 -1.1539325e-01
   1.6486625e-01 -1.6253436e-01 -2.9120326e+00 -3.3897424e+00
  -3.6878940e-01 -8.4150416e-01  1.0423753e+00 -3.0413995e+00
  -3.3892334e+00 -2.0845461e+00 -3.8694954e+00  2.5520413e+00
   7.8923404e-01 -3.9212403e+00  1.2178688e+00 -2.9785008e+00
  -2.5762811e-01  2.8753448e+00  1.2861742e+00 -4.8430166e-01
   1.2263410e+00  3.8357136e+00  6.2209117e-01  3.3434907e-01
  -2.9068944e+00  2.9884915e+00 -2.1326735e+00 -2.5209453e+00
  -1.8816285e+00 -1.7502303e+00  4.9034184e-01 -1.9655451e+00
  -2.8882415e+00 -2.1062562e-01  3.4849634e+00 -1.3490079e-01
  -1.5217625e+00 -2.0081976e-01 -5.2986801e-01  4.7252753e-01
   3.5733662e+00 -2.7981668e+00  1.7348834e+00  3.3734765e+00
  -2.1050146e-01  1.4230021e+00  2.2279294e+00 -8.9555115e-02
  -2.9924061e+00  2.9497037e+00  3.8249514e+00  1.9530128e+00
  -3.8595858e+00  2.4953276e-01  1.8369507e+00 -2.9237816e+00
   2.3957880e+00  2.3673320e+00  1.2498182e+00  3.4718165e+00
  -8.5907005e-02  2.2255745e+00 -2.3114724e+00 -2.5705040e+00
  -3.1363537e+00 -1.5808311e+00  2.0886993e+00 -9.4601773e-03
   3.3369799e+00  7.9443574e-01 -1.8417174e+00 -9.5923066e-01
  -2.8740900e+00 -6.6111982e-01  2.7271051e+00 -3.4167464e+00
   3.4591012e+00  1.2856559e+00  1.9955828e+00 -1.1217211e+00
  -2.9533494e+00  2.6136774e-01  2.4912916e-02 -5.9654164e-01
   9.6549958e-01 -2.2955992e+00  3.6096482e+00 -4.1217822e-01
  -3.9000854e+00 -2.1431687e+00  7.6855731e-01 -1.7978584e+00
  -1.2849320e+00 -7.7100384e-01  3.9038901e+00 -4.5001665e-01
  -1.8792069e+00  4.6590069e-01 -2.0624812e+00 -2.2369983e+00
   3.6846244e-01 -2.0372989e+00 -8.5443622e-01  2.2775104e+00
   2.2704840e+00 -3.0278199e+00  1.8420024e+00  6.0590011e-01
   2.3999929e+00  8.7815142e-01 -9.7255021e-01  3.6427505e+00
  -2.0005631e+00  2.3037553e+00  1.7472039e-01 -1.4100078e-01
   1.7154598e+00 -2.2220237e+00 -1.8414015e+00 -1.0454956e+00
   3.9480187e-02 -4.1506651e-01  2.6127999e+00  1.0941460e+00
  -9.7475588e-01 -2.6842022e+00 -4.8176795e-01  1.1009364e+00
  -3.8323421e+00  3.0923488e+00 -3.5746381e+00  1.4582622e+00
   4.5425083e-02  1.5430403e+00 -3.4691353e+00  2.5948148e+00
  -1.1759819e+00 -3.0375631e+00  8.3299148e-01 -2.9408917e-01
   2.0898178e+00 -3.9471767e+00 -2.3488514e+00  1.3429762e+00
  -3.3301752e+00 -2.3796160e+00  1.4234545e+00  6.4684844e-01
   1.1995668e+00  1.5644115e+00  5.3753960e-01  3.7340953e+00
   7.7358311e-01 -2.3023162e+00  2.5024440e+00 -8.2939464e-01
   2.8588629e-01  1.3722031e+00  3.0167389e+00  3.8563008e+00
  -6.2506711e-01  2.3315644e+00 -1.6250807e+00  1.5328379e+00
   1.3668735e+00 -1.6400032e+00 -2.5179005e+00  2.9879925e+00
   1.1068579e+00 -3.0187583e+00 -5.2116603e-01 -2.2679975e-03
  -3.5223615e+00 -5.5786556e-01  3.2618051e+00 -3.1414659e+00
  -1.6792557e+00 -2.3899384e+00  3.7692177e+00  3.1720538e+00
  -1.8385912e+00 -8.0670536e-01 -3.7449780e+00  5.6500685e-01
  -1.4230512e+00  2.7541418e+00 -2.0901213e+00 -3.7926571e+00
   2.0854108e+00  3.4801459e+00  3.6588986e+00  8.9503628e-01
  -1.6338046e+00  7.9993325e-01 -1.7875279e+00  2.1565280e+00
   1.5882428e+00  2.6480610e+00  2.7276278e+00 -7.1493888e-01
  -3.8295515e+00  2.6463747e-01 -4.3740657e-01  3.8641920e+00
  -5.0111783e-01  3.5821779e+00  3.0095558e+00 -3.2386565e+00
  -4.7388637e-01 -2.6678581e+00  4.2587945e-01 -3.4003672e-01
  -3.1074526e+00 -3.2705054e-01  9.1093093e-01  2.7342193e+00
   3.8453808e-01 -2.2474155e+00 -2.9410150e+00  2.5257344e+00
   5.0327140e-01]
 [ 2.6251249e+00  3.0328112e+00 -1.1603192e+00  2.4126520e+00
   2.9549427e+00 -5.4849076e-01 -1.6968728e+00  9.2902845e-01
   2.1852574e+00  2.1216509e+00  3.6402056e+00 -2.8002291e+00
   3.4971738e+00 -4.4666332e-01 -2.3500237e+00  1.2987158e+00
  -5.5072737e-01 -1.9670122e+00  1.1417344e+00  2.9771874e+00
  -2.1917336e-01  3.4682293e+00  1.0934067e-01  2.4581702e+00
  -1.2749488e+00  6.0698289e-01  1.4057237e+00 -7.7827698e-01
  -8.8585055e-01  1.4432243e+00  2.3066838e+00 -3.2291665e+00
   9.4017684e-01  3.1561880e+00 -3.0646441e+00 -2.2408924e+00
  -6.9679993e-01  1.8132733e+00  1.8940322e+00 -2.3052442e+00
  -2.1915963e+00  1.9149467e-01 -2.6598825e+00  2.8178554e+00
   2.1347525e+00  2.8670199e+00  1.4328581e+00 -2.4124107e+00
  -1.6211591e+00 -1.9471723e+00 -3.5878398e+00 -2.1498456e+00
  -2.8701959e+00  3.4401643e+00  7.2746247e-01  3.4829481e+00
   2.8614945e+00 -3.1711807e+00  2.4416995e+00  5.8897299e-01
   1.2819434e+00 -3.3105606e-01 -3.2162905e+00 -3.5612893e+00
   3.8464585e-01 -7.5456333e-01 -7.5544506e-01  4.7672099e-01
  -1.8445089e+00 -8.2181931e-01 -6.3449210e-01  2.2937274e+00
  -1.9679837e+00  2.9270940e+00 -3.3319967e+00  1.7231810e+00
   4.8349172e-01 -3.1016614e+00 -1.0315344e+00 -3.3540220e+00
   7.8974202e-02 -1.8156760e+00  2.0904074e+00  1.9879295e+00
   2.9392993e+00  1.8802786e+00 -1.1634064e+00 -1.0275695e+00
   1.6093479e+00  2.8739586e+00  1.8343474e+00  3.2469468e+00
  -3.9590545e+00  1.0396543e+00  2.5564880e+00 -2.6476572e+00
  -3.0080504e+00  2.3891935e+00 -9.7889155e-01  3.5612278e+00
   3.8608396e+00  3.6738238e+00 -2.9240201e+00  3.8298419e+00
  -8.3365887e-01 -2.5849850e+00  2.4898913e+00  7.0532668e-01
  -1.8441594e-01 -6.5453154e-01  5.4093587e-01 -5.2294999e-01
  -1.3536531e+00 -3.5794632e+00 -3.5877719e+00 -3.5754812e+00
   7.7022761e-01  2.7758777e+00  3.8627598e+00 -8.1495941e-01
  -4.4947362e-01 -9.5151800e-01 -1.5394199e+00  3.2198212e+00
   3.6496315e+00 -3.7563550e-01 -5.1256740e-01 -1.5270021e+00
  -3.9453728e+00 -3.4932034e+00 -6.9597822e-01  6.2321637e-02
   1.5641708e+00  1.8183186e+00 -2.6517870e+00  1.7677975e+00
  -8.9954042e-01 -2.2051370e+00 -1.6278356e-01  3.4458022e+00
  -1.5950973e+00 -3.8136282e+00  1.3898635e+00 -1.9118234e+00
   1.9755958e-01 -1.6744773e-01  3.7203236e+00 -1.6234916e+00
   7.1554542e-01  1.9676507e+00 -2.8619757e+00  3.6208925e-01
   1.9362583e+00  3.7754691e+00 -3.3790872e+00 -6.6343009e-02
  -3.1107383e+00 -1.5908756e+00 -4.6310607e-01  1.5637140e+00
   2.5619037e+00 -2.3858912e+00  2.5433642e-01  1.2278390e+00
  -5.0416386e-01 -2.0616429e+00 -1.3650622e+00 -3.6407638e+00
   3.4533885e+00 -2.4149108e+00 -3.8141274e+00  1.8810312e-01
  -3.7030182e+00  3.5397556e+00  9.3468893e-01 -8.3610022e-01
  -2.5160196e+00  7.7276254e-01 -1.5136987e+00 -1.8487672e+00
  -3.9165561e+00 -2.2577121e+00 -3.5062718e+00  1.6791420e+00
  -4.4202095e-01 -1.7851050e+00 -1.2030338e+00  8.2112670e-01
  -1.2439600e+00 -1.1497114e+00 -2.2682889e+00 -1.0184163e+00
   3.7172687e+00 -6.3096058e-01  3.5166907e+00 -3.1702628e+00
  -4.5658183e-01 -2.9977155e+00  2.3792667e+00  1.8846841e+00
  -2.9802709e+00  1.4927177e+00 -2.8210180e+00  1.5388345e+00
  -2.3633313e+00  1.1991917e+00  2.3478479e+00 -3.1344509e-01
   2.4187226e+00 -2.3500133e+00 -3.9479463e+00 -1.0579931e+00
   8.5955751e-01 -3.3551557e+00 -1.9313571e+00  9.8915565e-01
   2.2994168e+00 -1.3252124e+00  2.1548088e+00  2.8567107e+00
   2.3566908e-01 -1.4902333e+00 -1.5913122e+00  6.3801402e-01
  -5.7372332e-01  3.8373599e+00  8.1722248e-01 -5.2000082e-01
   9.6705812e-01 -1.6002653e+00  1.6141784e+00 -2.4787695e+00
   1.7255819e-01 -7.5021148e-01 -3.0381472e+00 -9.2970312e-01
  -1.0853406e+00  2.4410183e+00 -1.2745165e+00  9.5822573e-01
  -2.0544293e+00 -8.2049912e-01  2.2323759e+00  2.7206562e+00
  -3.4712801e+00 -8.8320267e-01 -1.9389222e+00 -3.1773381e+00
  -3.9954021e+00 -1.0100697e+00  3.6048284e+00  3.9876840e+00
   2.6887650e+00  3.3411684e+00  2.0286836e-01 -2.4115074e+00
   2.0956008e+00  2.8816347e+00 -1.4993848e+00 -1.9903637e+00
   5.4793596e-01  3.8420906e+00 -3.8470709e+00  1.5390126e+00
   2.3740709e+00 -2.1439396e-01  8.0427879e-01 -3.6855547e+00
  -6.1147624e-01  1.4486129e+00 -3.6496711e+00  2.2308741e+00
   2.7863283e+00 -1.2394224e+00 -2.9146786e+00  3.9791791e+00
  -3.5378811e+00 -1.3201478e+00  3.8401623e+00 -2.0124788e+00
   2.2527354e+00  2.8138819e+00 -2.4843185e+00 -9.3674153e-01
   3.2162639e-01  3.6122385e-01  1.6841594e+00  2.1943483e+00
  -2.5005300e+00 -1.0179324e-01 -2.6679664e+00  1.9673824e+00
   2.6560150e-02 -3.3219059e+00  7.2549868e-01 -9.4836539e-01
   3.5844560e+00  3.2808647e+00 -9.3341541e-01 -3.2949789e+00
   5.0255817e-01  1.7111552e+00 -8.8216782e-01  3.9162574e+00
   2.9993989e+00 -4.9406242e-01 -2.5560710e+00 -2.4228902e+00
   3.2968929e+00 -3.7900052e+00  1.9135621e+00 -1.4512823e+00
   1.3054450e+00 -2.7899065e+00 -3.5793674e+00 -1.3338909e+00
  -3.2206817e+00  5.2972388e-02  8.8808084e-01  2.5009069e-01
  -2.9645720e+00  2.0545156e+00 -6.9002670e-01 -2.8738046e+00
   1.6418920e+00 -1.7005303e+00 -1.0064778e-01  8.6583209e-01
  -3.7931246e-01  5.9484619e-01  1.8458408e-01 -3.4683876e+00
   3.8582284e+00 -8.0500239e-01  6.8540579e-01 -3.0319924e+00
  -3.0011573e-01  2.4573414e+00  3.1364393e+00 -2.5108558e-01
   3.5243831e+00  1.8131720e+00  2.2556865e+00 -1.9054589e+00
   8.8300872e-01 -1.1410298e+00  3.4595779e-01  2.5329945e+00
   3.3568490e+00 -1.7111017e+00  2.7126524e+00 -1.1990756e+00
  -2.9674420e+00  1.2742339e+00 -1.4493984e+00  5.0241452e-01
  -3.1256533e+00  3.3448033e+00  4.2505506e-01  3.1500635e+00
   1.0262120e+00 -2.5579062e+00 -1.2961127e+00  2.6834061e+00
   1.0004830e+00 -1.5013646e+00 -4.8461685e-01 -5.6206363e-01
  -2.5592654e+00 -2.0277059e+00  3.2503459e+00 -1.1703120e+00
  -3.2061262e+00  3.4242821e+00  2.1525252e+00 -3.1447418e+00
  -2.6564620e+00 -2.2326462e+00  3.2849193e+00 -1.8205554e+00
  -3.6125321e+00 -6.1215007e-01  3.7011693e+00 -3.9296384e+00
  -2.4216084e+00  2.8807468e+00  2.4289033e+00  2.3861725e+00
  -8.8295209e-01 -3.5708456e+00  3.9041348e+00  5.8840132e-01
   2.4231207e-02 -1.4918298e+00 -3.7922579e-01  3.7871773e+00
   2.5148771e+00  9.9049073e-01  7.8683567e-01  3.4405234e+00
   5.1738471e-01  3.0485048e+00 -8.5021985e-01 -8.1897497e-01
   2.9470460e+00 -2.2955883e+00  3.6046448e+00 -2.8727674e+00
   2.3609381e+00 -1.1749033e+00  3.8455124e+00 -1.1717906e+00
   1.9769734e+00 -6.9220924e-01  1.0003858e+00  1.6220218e+00
  -1.0594587e+00 -1.7942457e+00 -3.6809368e+00  1.3252856e-01
  -2.5769877e+00 -1.5966957e+00  5.1166278e-01  3.0805457e+00
  -1.9980892e+00 -9.1948271e-01 -3.1184604e+00 -3.4508727e+00
   1.1636120e+00  3.7619817e-01  3.5617504e+00  1.4130201e+00
  -1.6692091e+00 -3.2183263e+00  3.1197410e+00  1.2865326e+00
   2.2303040e+00  1.2713583e+00  2.4148138e+00  1.8254383e+00
  -1.6342007e-02  3.4025199e+00 -1.4083244e+00 -2.4625783e+00
  -7.4407065e-01 -1.4755129e+00  3.0546834e+00  2.4365208e+00
  -3.0183369e-01]]

Step 4
  Symbolic: Subtract(x45:Matrix(471, 297), x46:Matrix(471, 297)) -> t4
  Concrete: tf.subtract(x45, x46)
  Result shape: (471, 297)
  Result value:
[[-3.4880695   1.0582881  -2.8301787  ... -0.5293136   2.429629
  -1.8444219 ]
 [ 2.4448435  -1.627749    1.2031556  ... -0.2595744  -0.06264985
  -1.240685  ]
 [-1.7144517   1.2645285  -1.1407465  ...  1.3330159  -0.9273232
  -2.5114563 ]
 ...
 [ 2.6469052  -0.39641964 -0.4158091  ... -0.6702152   1.2100418
   0.86684287]
 [ 1.5065991  -1.9687068   0.5365317  ...  0.37948483 -1.0185975
   2.0075102 ]
 [-0.7247048  -0.21242225 -1.702646   ... -0.9081072   0.2561791
  -2.6396112 ]]

Step 5
  Symbolic: MatMul(x44:Matrix(237, 237), x41:Matrix(237, 237)) -> t5
  Concrete: tf.linalg.matmul(x44, x41)
  Result shape: (237, 237)
  Result value:
[[ -4.522685  -15.545389  -13.745749  ...  -8.069422    5.8101797
  -16.858332 ]
 [-15.886206  -14.326418    7.402883  ... -19.008118   11.910421
    2.9970968]
 [ 11.145456   11.759208    1.5909181 ... -11.801053    8.097172
   -7.455889 ]
 ...
 [ -7.009464   -5.0364485  -5.2925897 ...   7.096665   -0.6552131
   -5.916983 ]
 [-18.070137    8.291027  -19.772537  ...   1.3003687  19.247288
    7.204427 ]
 [ -3.2862186  -5.036089   -4.6636944 ...   5.5208125   4.432002
   25.531975 ]]

Step 6
  Symbolic: MatMul(x7:Matrix(484, 484), x9:Matrix(484, 484)) -> t6
  Concrete: tf.linalg.matmul(x7, x9)
  Result shape: (484, 484)
  Result value:
[[  5.5590577  15.741598    9.2279415 ... -19.249825   13.041865
   -3.7108173]
 [-14.449106    8.188553    3.0810816 ...   7.0185738 -10.051947
   -7.9370193]
 [-19.311497    8.941353   -5.0880895 ... -14.572444   -5.132779
   36.19117  ]
 ...
 [-13.646624   -1.7532133  42.181694  ...   3.7148294 -18.28847
   -4.7601647]
 [ 12.074269  -31.402216  -22.353947  ... -16.763489   22.78005
    3.4254382]
 [-34.84294    21.722996    9.512869  ...   7.612977  -13.365849
   -8.530958 ]]

Step 7
  Symbolic: MatMul(x25:Matrix(326, 32), x28:Matrix(32, 1)) -> t7
  Concrete: tf.linalg.matmul(x25, x28)
  Result shape: (326, 1)
  Result value:
[[  5.276435  ]
 [ -5.056337  ]
 [  4.4411764 ]
 [ 17.369246  ]
 [ -4.8067527 ]
 [  2.8028195 ]
 [  9.995423  ]
 [  1.7483013 ]
 [ -6.408627  ]
 [ -6.91912   ]
 [ -3.1601923 ]
 [-10.282712  ]
 [ 11.857908  ]
 [ -1.0745916 ]
 [-10.376564  ]
 [ 12.004586  ]
 [  3.0790386 ]
 [  6.7257576 ]
 [  2.0355196 ]
 [ -2.393872  ]
 [  0.8306959 ]
 [  8.213377  ]
 [ -6.7299085 ]
 [  4.0531235 ]
 [ -6.4417925 ]
 [-11.798324  ]
 [ -0.6447685 ]
 [ -5.0266614 ]
 [-16.260056  ]
 [ -4.7766943 ]
 [  7.4182744 ]
 [ 14.269608  ]
 [ -2.8572593 ]
 [ -9.372542  ]
 [-13.261511  ]
 [ -4.320933  ]
 [ -1.317991  ]
 [-14.853755  ]
 [  5.774185  ]
 [ 12.924721  ]
 [ -6.662955  ]
 [ -2.384899  ]
 [  4.337614  ]
 [ -7.031338  ]
 [ -9.000626  ]
 [-10.109322  ]
 [-12.729987  ]
 [ -4.686537  ]
 [ 17.941181  ]
 [ -4.195223  ]
 [ -1.8483436 ]
 [ -0.16669595]
 [ -6.1244097 ]
 [  3.6515229 ]
 [  6.0524826 ]
 [  2.9772773 ]
 [ -2.5918093 ]
 [  7.5528708 ]
 [  1.056355  ]
 [  1.0823903 ]
 [ 10.796793  ]
 [  3.6564856 ]
 [-15.392891  ]
 [ -5.99579   ]
 [ -6.3615685 ]
 [ -5.1166234 ]
 [ -4.684469  ]
 [  0.20863473]
 [ -7.5282016 ]
 [  6.5031643 ]
 [  2.63308   ]
 [-15.480293  ]
 [  9.934358  ]
 [  1.3059416 ]
 [ -3.1939106 ]
 [  8.1809435 ]
 [-14.877879  ]
 [ 11.616513  ]
 [ 16.279413  ]
 [  8.0216    ]
 [  0.54875183]
 [ -2.1610913 ]
 [  4.2827845 ]
 [  3.149813  ]
 [  3.3857088 ]
 [  1.7289224 ]
 [ -4.7208424 ]
 [ -1.9937191 ]
 [ 11.227625  ]
 [  9.9515705 ]
 [ -9.674386  ]
 [  4.6225166 ]
 [ -1.4837666 ]
 [  3.793525  ]
 [  7.037529  ]
 [  1.0293722 ]
 [ -5.3405423 ]
 [  6.44655   ]
 [  1.4741278 ]
 [  3.3819637 ]
 [ -2.299676  ]
 [  6.2423267 ]
 [ -5.7039633 ]
 [-15.715726  ]
 [ -7.083406  ]
 [  2.5728142 ]
 [ -1.9030886 ]
 [ -2.9571579 ]
 [ -5.6423826 ]
 [ 14.741657  ]
 [  0.15012074]
 [  3.0024657 ]
 [  0.48202443]
 [  2.1494212 ]
 [  9.437474  ]
 [ 11.258705  ]
 [ -4.958004  ]
 [  6.259091  ]
 [  3.0120153 ]
 [  6.3294897 ]
 [  4.1911755 ]
 [ -0.30413818]
 [ -9.939301  ]
 [ 19.418312  ]
 [  0.46488285]
 [ -2.765007  ]
 [ -2.262491  ]
 [ 11.330402  ]
 [-14.617149  ]
 [ -1.0399938 ]
 [-10.540573  ]
 [ -0.67932165]
 [-12.822573  ]
 [  1.2110434 ]
 [  5.257528  ]
 [-11.705053  ]
 [  6.6527348 ]
 [ -6.416707  ]
 [ -8.0721245 ]
 [  8.628067  ]
 [ -7.708645  ]
 [-10.513738  ]
 [ -7.054945  ]
 [ -5.5695143 ]
 [ -3.605227  ]
 [ -0.74318326]
 [  1.5222967 ]
 [ 16.769348  ]
 [ -9.171553  ]
 [  9.608882  ]
 [ -6.1336527 ]
 [ 10.609973  ]
 [ -1.2462558 ]
 [ 18.131298  ]
 [  2.65519   ]
 [-11.490822  ]
 [-13.586483  ]
 [  0.25565267]
 [ -5.834924  ]
 [  7.793662  ]
 [ -4.5284667 ]
 [ -4.8733087 ]
 [ -1.2055874 ]
 [ -4.101219  ]
 [ -5.640644  ]
 [  1.3072939 ]
 [  1.2858775 ]
 [ -1.1943595 ]
 [ 12.5084    ]
 [ -9.147694  ]
 [ -2.2877715 ]
 [  0.7971263 ]
 [ -4.8508444 ]
 [ -5.263655  ]
 [ -1.4783597 ]
 [-16.4061    ]
 [  8.214381  ]
 [ 11.808893  ]
 [  1.8628256 ]
 [  3.1901712 ]
 [ 20.039299  ]
 [  3.5296264 ]
 [  4.577828  ]
 [ 11.175751  ]
 [ -8.417333  ]
 [ -2.5011697 ]
 [ 11.197502  ]
 [ -3.2836795 ]
 [  8.983595  ]
 [ -4.4604187 ]
 [ -5.0059752 ]
 [  5.8266544 ]
 [ -5.79904   ]
 [  7.1474195 ]
 [  6.4877443 ]
 [  0.7698436 ]
 [  1.1781853 ]
 [ -0.10349214]
 [  7.22606   ]
 [  5.3320436 ]
 [  5.126209  ]
 [  6.4518676 ]
 [  4.7227488 ]
 [ -4.726427  ]
 [ -1.9351604 ]
 [-11.110037  ]
 [ -7.3579726 ]
 [  1.2569606 ]
 [-10.986502  ]
 [  0.34401226]
 [ -9.465387  ]
 [ 14.188013  ]
 [  4.1878967 ]
 [  4.9324293 ]
 [ -4.035117  ]
 [  0.22561264]
 [  2.531354  ]
 [-15.557632  ]
 [  3.7497435 ]
 [ -9.972221  ]
 [  5.026198  ]
 [  5.650395  ]
 [  4.4504585 ]
 [ -3.2415113 ]
 [ -0.85546786]
 [ -6.0026484 ]
 [ -5.6251316 ]
 [ -1.718337  ]
 [  0.32264996]
 [ -5.6115413 ]
 [  5.591183  ]
 [  6.7448525 ]
 [ 16.547129  ]
 [  2.0799136 ]
 [  3.7084699 ]
 [ -9.951976  ]
 [ -6.870904  ]
 [ -1.5888605 ]
 [-22.483616  ]
 [ -9.228312  ]
 [  5.7808127 ]
 [ -5.793398  ]
 [-11.8739605 ]
 [ -2.1645002 ]
 [  3.014207  ]
 [ -7.331929  ]
 [  0.2643454 ]
 [-10.936524  ]
 [  0.40151215]
 [  1.6041963 ]
 [ 11.955082  ]
 [  5.5574203 ]
 [ -8.64539   ]
 [ -0.4443879 ]
 [  2.4217696 ]
 [ -7.061797  ]
 [ -7.224057  ]
 [-10.677891  ]
 [ -8.648569  ]
 [  6.825714  ]
 [ -2.4147012 ]
 [ 10.923769  ]
 [ -3.249806  ]
 [  9.540487  ]
 [ -3.0511622 ]
 [ -4.2128296 ]
 [ -0.9336524 ]
 [  7.2872972 ]
 [ 13.77668   ]
 [ -8.78672   ]
 [  0.74962735]
 [ 17.64811   ]
 [ -2.1764307 ]
 [ -4.710994  ]
 [ -2.3190155 ]
 [ -4.9286976 ]
 [  0.8359585 ]
 [ -1.2932343 ]
 [  5.8737974 ]
 [  2.3581975 ]
 [ -6.0610495 ]
 [ -6.0162215 ]
 [  6.106039  ]
 [ -0.7350235 ]
 [ 10.066407  ]
 [-11.03068   ]
 [  0.86394453]
 [  5.2699914 ]
 [ -1.0441117 ]
 [-10.238047  ]
 [ 10.220449  ]
 [ -3.1073227 ]
 [  2.4327943 ]
 [ -2.528737  ]
 [-18.29115   ]
 [ -3.8806095 ]
 [-14.32704   ]
 [  3.4677536 ]
 [  3.3688426 ]
 [  5.1961393 ]
 [  5.581396  ]
 [  9.573238  ]
 [ -0.07763147]
 [ -2.422664  ]
 [ -2.0401998 ]
 [  4.914021  ]
 [  2.7744172 ]
 [  2.1278112 ]
 [ -8.814459  ]
 [  2.915543  ]
 [  3.232549  ]
 [ -6.5014763 ]
 [  5.648131  ]
 [-16.79927   ]
 [ -8.491741  ]
 [  6.4082794 ]
 [ -5.4412165 ]
 [ -6.973434  ]
 [ -9.732609  ]
 [ -6.3732095 ]
 [  5.9630666 ]
 [  7.567156  ]
 [ -7.7064705 ]
 [ -4.3128967 ]
 [ -3.5203953 ]
 [ -1.0616466 ]]

Step 8
  Symbolic: Sum(x2:Matrix(65, 262)) -> t8
  Concrete: tf.reduce_sum(x2)
  Result shape: ()
  Result value:
20.86602020263672

Step 9
  Symbolic: Add(t2:Matrix(237, 237), x44:Matrix(237, 237)) -> t9
  Concrete: tf.add(t2, x44)
  Result shape: (237, 237)
  Result value:
[[ 1.1201802   0.06141734 -0.89701134 ...  0.82419074 -0.2329253
  -0.9343348 ]
 [ 0.06141734 -0.9125991  -0.826887   ...  0.12526983  0.36760205
  -0.36113238]
 [-0.89701134 -0.826887    1.274856   ...  0.8763827   0.5254096
   0.06885344]
 ...
 [ 0.82419074  0.12526983  0.8763827  ... -0.7163423  -0.5165698
   0.8946717 ]
 [-0.2329253   0.36760205  0.5254096  ... -0.5165698  -0.53933036
   0.9659122 ]
 [-0.9343348  -0.36113238  0.06885344 ...  0.8946717   0.9659122
  -1.6818594 ]]

Step 10
  Symbolic: Subtract(x17:Matrix(500, 30), x15:Matrix(500, 30)) -> t10
  Concrete: tf.subtract(x17, x15)
  Result shape: (500, 30)
  Result value:
[[ 0.22129317 -0.7002442  -2.2390685  ...  1.4473702   3.061882
   1.5255576 ]
 [ 2.9152908   2.5162063  -0.8264266  ... -1.2746174  -1.2682598
   0.47281218]
 [ 1.4506943   2.6500387   1.443193   ... -0.77555585  0.25111783
  -0.5623027 ]
 ...
 [ 1.6487746  -1.4973288  -1.6245317  ... -0.1714288   3.499471
  -1.0818241 ]
 [-0.29816276  2.615457    1.556551   ...  0.8013158   0.90777624
  -2.282494  ]
 [-0.9052728  -2.3780372  -0.32473853 ... -2.192732    0.7655891
   1.6593139 ]]

Step 11
  Symbolic: Subtract(x10:Matrix(215, 215), x14:Matrix(215, 215)) -> t11
  Concrete: tf.subtract(x10, x14)
  Result shape: (215, 215)
  Result value:
[[-3.3308136e+00 -1.3805492e+00  2.5938599e+00 ... -1.6340187e+00
  -7.9450011e-04  1.1518651e+00]
 [-1.3805492e+00  9.1229755e-01 -9.0454352e-01 ...  8.6428368e-01
   2.6959658e-01 -1.3891886e+00]
 [ 2.5938599e+00 -9.0454352e-01  3.2269800e+00 ...  1.7422408e-01
   8.8513303e-01  8.7753057e-01]
 ...
 [-1.6340187e+00  8.6428368e-01  1.7422408e-01 ... -3.0851822e+00
   1.2774980e-01 -7.1850216e-01]
 [-7.9450011e-04  2.6959658e-01  8.8513303e-01 ...  1.2774980e-01
   1.6174971e+00 -8.1886679e-02]
 [ 1.1518651e+00 -1.3891886e+00  8.7753057e-01 ... -7.1850216e-01
  -8.1886679e-02 -2.0921626e+00]]

Step 12
  Symbolic: MatMul(x29:Matrix(1, 326), t7:Matrix(326, 1)) -> t12
  Concrete: tf.linalg.matmul(x29, t7)
  Result shape: (1, 1)
  Result value:
[[nan]]

Step 13
  Symbolic: MatMul(x4:Matrix(4, 65), x1:Matrix(65, 262)) -> t13
  Concrete: tf.linalg.matmul(x4, x1)
  Result shape: (4, 262)
  Result value:
[[  8.302555    -8.561326     3.9710414  ...   8.924055    -2.4485652
   15.047375  ]
 [  8.63457      7.9033103    5.64006    ...   9.181102     6.1329775
    9.073949  ]
 [ 14.548842     9.377925     4.0218606  ...  -4.75607     -7.5687923
  -14.73117   ]
 [ -0.08877483  -9.668702    13.741344   ...  13.850562     5.042533
    4.1536126 ]]

Step 14
  Symbolic: MatMul(x5:Matrix(484, 484), x7:Matrix(484, 484)) -> t14
  Concrete: tf.linalg.matmul(x5, x7)
  Result shape: (484, 484)
  Result value:
[[  5.328869     0.7847532    6.5213575  ...   7.304238    -6.4052043
    2.1127572 ]
 [  9.448418   -14.458311     0.53369325 ...  -7.2668343    1.9746699
  -10.957253  ]
 [ 12.636282     4.999179     4.399169   ... -15.220916   -31.053509
   -1.5576557 ]
 ...
 [  4.480135     8.307829     4.446385   ... -20.815884    -2.609683
    7.2353077 ]
 [ 12.20887     -9.730806    22.348925   ... -36.744396    -3.4372253
    4.543114  ]
 [ -0.862978    12.6622925  -35.386063   ... -19.8102     -11.1428795
    8.731287  ]]

Step 15
  Symbolic: Subtract(x36:Matrix(449, 508), x35:Matrix(449, 508)) -> t15
  Concrete: tf.subtract(x36, x35)
  Result shape: (449, 508)
  Result value:
[[-0.7765201   3.0029657  -2.4144325  ...  0.59915954  1.6929536
  -2.0740597 ]
 [ 0.00639045 -0.18291092 -2.6550071  ... -0.60830617 -0.5309454
  -0.3146553 ]
 [ 2.3804336  -1.9436195  -3.080556   ... -2.0043626  -1.0812776
  -1.8881204 ]
 ...
 [ 2.47736     1.7515067  -2.4729648  ...  1.6639493  -2.788157
   1.3008705 ]
 [-2.8379784   2.3822784  -1.4039817  ... -0.3614049   1.868604
   0.34600836]
 [-0.6949738  -2.1253345   0.6055888  ... -1.3631005   1.8051815
   1.487211  ]]

Step 16
  Symbolic: MatMul(x10:Matrix(215, 215), x14:Matrix(215, 215)) -> t16
  Concrete: tf.linalg.matmul(x10, x14)
  Result shape: (215, 215)
  Result value:
[[ -5.083971   19.889818   13.715586  ...  -6.1236196  -2.0939407
  -11.952991 ]
 [  3.4520817  10.339523    6.907446  ...   9.143693    0.6681247
   10.018633 ]
 [  4.9287157   5.499325    9.4069805 ...   1.8730607   6.884392
  -14.780318 ]
 ...
 [ -7.616973   -3.510851   -8.192891  ...   6.563982    7.7520475
   -0.7657516]
 [-11.231371   -6.352628  -11.315933  ...  -1.2820716  -5.208454
    7.783282 ]
 [ -2.5028298  11.616683   10.550828  ...  -7.6562557   7.077034
   -3.1903203]]

Step 17
  Symbolic: Transpose(x38:Matrix(508, 5)) -> t17
  Concrete: tf.transpose(x38, perm=[1, 0])
  Result shape: (5, 508)
  Result value:
[[-1.6160127  -1.8884753  -0.02442576 ...  1.3469652   0.9519628
  -1.7711447 ]
 [ 1.7145526   0.49888873  1.1797323  ... -0.60743266  0.99701995
  -1.2802718 ]
 [-1.1210705  -0.6938678  -1.2969683  ... -1.5186105  -1.9332621
   1.6448435 ]
 [-1.0429456   0.35767397  0.37048763 ... -1.2686557   1.6211172
  -1.3226306 ]
 [-0.68606466 -1.3479776  -1.8183697  ... -1.4465027  -1.6754694
  -1.9515859 ]]

Step 18
  Symbolic: Add(x8:Matrix(484, 484), x5:Matrix(484, 484)) -> t18
  Concrete: tf.add(x8, x5)
  Result shape: (484, 484)
  Result value:
[[ 1.4480634  -0.16239005 -1.242401   ... -0.1733917   0.9097508
   1.1016905 ]
 [-0.16239005  0.2843243  -0.781898   ...  2.7988234  -0.5169912
   0.01339757]
 [-1.242401   -0.781898    3.920074   ...  0.13329712 -0.12474006
   0.2551664 ]
 ...
 [-0.1733917   2.7988234   0.13329712 ... -2.267913    2.5510097
  -0.45543033]
 [ 0.9097508  -0.5169912  -0.12474006 ...  2.5510097  -2.0217395
  -1.2222072 ]
 [ 1.1016905   0.01339757  0.2551664  ... -0.45543033 -1.2222072
   1.2878275 ]]

Step 19
  Symbolic: Sum(x25:Matrix(326, 32)) -> t19
  Concrete: tf.reduce_sum(x25)
  Result shape: ()
  Result value:
-96.79902648925781

Step 20
  Symbolic: Subtract(x44:Matrix(237, 237), x43:Matrix(237, 237)) -> t20
  Concrete: tf.subtract(x44, x43)
  Result shape: (237, 237)
  Result value:
[[-0.9258842   1.2715607  -0.1961371  ... -0.36666584 -0.88034487
  -0.14720418]
 [ 1.2715607   0.08290637  2.6665144  ... -0.5891854  -0.52933574
   0.75855494]
 [-0.1961371   2.6665144   0.22311063 ...  1.563605    1.7350434
   0.1806877 ]
 ...
 [-0.36666584 -0.5891854   1.563605   ... -1.9792662   0.1973347
   0.8634783 ]
 [-0.88034487 -0.52933574  1.7350434  ...  0.1973347   1.6973646
  -0.17233115]
 [-0.14720418  0.75855494  0.1806877  ...  0.8634783  -0.17233115
  -1.0299821 ]]

Step 21
  Symbolic: MatMul(x44:Matrix(237, 237), t9:Matrix(237, 237)) -> t21
  Concrete: tf.linalg.matmul(x44, t9)
  Result shape: (237, 237)
  Result value:
[[ -4.522683  -15.545387  -13.7457485 ...  -8.069423    5.8101788
  -16.858332 ]
 [-15.8862095 -14.326419    7.4028845 ... -19.00812    11.910421
    2.9970965]
 [ 11.145456   11.759209    1.5909185 ... -11.801051    8.097171
   -7.4558883]
 ...
 [ -7.009461   -5.036447   -5.29259   ...   7.0966644  -0.6552143
   -5.916983 ]
 [-18.070137    8.291028  -19.772537  ...   1.3003672  19.247288
    7.2044263]
 [ -3.2862177  -5.0360885  -4.6636944 ...   5.5208135   4.432001
   25.531977 ]]

Step 22
  Symbolic: MatMul(x42:Matrix(237, 237), t5:Matrix(237, 237)) -> t22
  Concrete: tf.linalg.matmul(x42, t5)
  Result shape: (237, 237)
  Result value:
[[nan nan nan ... nan nan nan]
 [nan nan nan ... nan nan nan]
 [nan nan nan ... nan nan nan]
 ...
 [nan nan nan ... nan nan nan]
 [nan nan nan ... nan nan nan]
 [nan nan nan ... nan nan nan]]

Step 23
  Symbolic: Add(t22:Matrix(237, 237), x42:Matrix(237, 237)) -> t23
  Concrete: tf.add(t22, x42)
  Result shape: (237, 237)
  Result value:
[[nan nan nan ... nan nan nan]
 [nan nan nan ... nan nan nan]
 [nan nan nan ... nan nan nan]
 ...
 [nan nan nan ... nan nan nan]
 [nan nan nan ... nan nan nan]
 [nan nan nan ... nan nan nan]]

Step 24
  Symbolic: Subtract(t22:Matrix(237, 237), x43:Matrix(237, 237)) -> t24
  Concrete: tf.subtract(t22, x43)
  Result shape: (237, 237)
  Result value:
[[nan nan nan ... nan nan nan]
 [nan nan nan ... nan nan nan]
 [nan nan nan ... nan nan nan]
 ...
 [nan nan nan ... nan nan nan]
 [nan nan nan ... nan nan nan]
 [nan nan nan ... nan nan nan]]

Step 25
  Symbolic: MatMul(t16:Matrix(215, 215), x10:Matrix(215, 215)) -> t25
  Concrete: tf.linalg.matmul(t16, x10)
  Result shape: (215, 215)
  Result value:
[[ 163.04898      71.07934      55.08542    ...  258.56125
    86.994         0.85523033]
 [  71.07934     106.935165   -122.40939    ...   88.24051
    77.875374   -270.82886   ]
 [  55.085457   -122.40931      -5.425457   ... -236.66942
  -273.8408       73.955635  ]
 ...
 [ 258.5613       88.24045    -236.66945    ... -323.6975
  -142.04163     149.50488   ]
 [  86.993996     77.8754     -273.84094    ... -142.04161
  -107.89545      82.16823   ]
 [   0.85525703 -270.829        73.95563    ...  149.50487
    82.16814    -127.99113   ]]

Step 26
  Symbolic: Sum(t7:Matrix(326, 1)) -> t26
  Concrete: tf.reduce_sum(t7)
  Result shape: ()
  Result value:
-105.43950653076172

Step 27
  Symbolic: Subtract(t16:Matrix(215, 215), t16:Matrix(215, 215)) -> t27
  Concrete: tf.subtract(t16, t16)
  Result shape: (215, 215)
  Result value:
[[0. 0. 0. ... 0. 0. 0.]
 [0. 0. 0. ... 0. 0. 0.]
 [0. 0. 0. ... 0. 0. 0.]
 ...
 [0. 0. 0. ... 0. 0. 0.]
 [0. 0. 0. ... 0. 0. 0.]
 [0. 0. 0. ... 0. 0. 0.]]

Step 28
  Symbolic: Add(x40:Matrix(237, 237), t23:Matrix(237, 237)) -> t28
  Concrete: tf.add(x40, t23)
  Result shape: (237, 237)
  Result value:
[[nan nan nan ... nan nan nan]
 [nan nan nan ... nan nan nan]
 [nan nan nan ... nan nan nan]
 ...
 [nan nan nan ... nan nan nan]
 [nan nan nan ... nan nan nan]
 [nan nan nan ... nan nan nan]]

Step 29
  Symbolic: Subtract(t24:Matrix(237, 237), x44:Matrix(237, 237)) -> t29
  Concrete: tf.subtract(t24, x44)
  Result shape: (237, 237)
  Result value:
[[nan nan nan ... nan nan nan]
 [nan nan nan ... nan nan nan]
 [nan nan nan ... nan nan nan]
 ...
 [nan nan nan ... nan nan nan]
 [nan nan nan ... nan nan nan]
 [nan nan nan ... nan nan nan]]

Step 30
  Symbolic: MatMul(t20:Matrix(237, 237), t28:Matrix(237, 237)) -> t30
  Concrete: tf.linalg.matmul(t20, t28)
  Result shape: (237, 237)
  Result value:
[[nan nan nan ... nan nan nan]
 [nan nan nan ... nan nan nan]
 [nan nan nan ... nan nan nan]
 ...
 [nan nan nan ... nan nan nan]
 [nan nan nan ... nan nan nan]
 [nan nan nan ... nan nan nan]]

Step 31
  Symbolic: Subtract(t29:Matrix(237, 237), t28:Matrix(237, 237)) -> t31
  Concrete: tf.subtract(t29, t28)
  Result shape: (237, 237)
  Result value:
[[nan nan nan ... nan nan nan]
 [nan nan nan ... nan nan nan]
 [nan nan nan ... nan nan nan]
 ...
 [nan nan nan ... nan nan nan]
 [nan nan nan ... nan nan nan]
 [nan nan nan ... nan nan nan]]

Step 32
  Symbolic: Add(x43:Matrix(237, 237), x44:Matrix(237, 237)) -> t32
  Concrete: tf.add(x43, x44)
  Result shape: (237, 237)
  Result value:
[[ 2.3522465   1.1238441  -0.7468364  ...  0.04763757 -1.0495365
   0.0174322 ]
 [ 1.1238441   0.01368921  0.12416565 ...  0.67282337  1.7186949
  -0.98431695]
 [-0.7468364   0.12416565  0.05684109 ...  1.4663514  -0.6769215
   1.1379248 ]
 ...
 [ 0.04763757  0.67282337  1.4663514  ...  0.41078848 -0.7671569
  -2.5704203 ]
 [-1.0495365   1.7186949  -0.6769215  ... -0.7671569   1.4123292
   1.0167606 ]
 [ 0.0174322  -0.98431695  1.1379248  ... -2.5704203   1.0167606
   0.4610191 ]]

Step 33
  Symbolic: MatMul(t21:Matrix(237, 237), t20:Matrix(237, 237)) -> t33
  Concrete: tf.linalg.matmul(t21, t20)
  Result shape: (237, 237)
  Result value:
[[nan nan nan ... nan nan nan]
 [nan nan nan ... nan nan nan]
 [nan nan nan ... nan nan nan]
 ...
 [nan nan nan ... nan nan nan]
 [nan nan nan ... nan nan nan]
 [nan nan nan ... nan nan nan]]

Step 34
  Symbolic: Add(t6:Matrix(484, 484), x8:Matrix(484, 484)) -> t34
  Concrete: tf.add(t6, x8)
  Result shape: (484, 484)
  Result value:
[[  6.4861984  16.279346    8.901746  ... -19.372362   14.2908
   -3.0037608]
 [-13.911357    6.885251    2.5999863 ...   7.9558525 -10.554
   -7.513959 ]
 [-19.637691    8.460258   -3.0945    ... -14.16549    -4.5198402
   37.439835 ]
 ...
 [-13.769162   -0.8159345  42.58865   ...   1.7474074 -16.49474
   -4.357983 ]
 [ 13.323204  -31.90427   -21.741007  ... -14.969759   22.700272
    2.4984727]
 [-34.135883   22.146057   10.761534  ...   8.015159  -14.292814
   -7.8425627]]

Step 35
  Symbolic: MatMul(t5:Matrix(237, 237), t21:Matrix(237, 237)) -> t35
  Concrete: tf.linalg.matmul(t5, t21)
  Result shape: (237, 237)
  Result value:
[[nan nan nan ... nan nan nan]
 [nan nan nan ... nan nan nan]
 [nan nan nan ... nan nan nan]
 ...
 [nan nan nan ... nan nan nan]
 [nan nan nan ... nan nan nan]
 [nan nan nan ... nan nan nan]]

Step 36
  Symbolic: MatMul(x29:Matrix(1, 326), x27:Matrix(326, 32)) -> t36
  Concrete: tf.linalg.matmul(x29, x27)
  Result shape: (1, 32)
  Result value:
[[nan nan nan nan nan nan nan nan nan nan nan nan nan nan nan nan nan nan
  nan nan nan nan nan nan nan nan nan nan nan nan nan nan]]

Step 37
  Symbolic: MatMul(t32:Matrix(237, 237), t32:Matrix(237, 237)) -> t37
  Concrete: tf.linalg.matmul(t32, t32)
  Result shape: (237, 237)
  Result value:
[[335.24243    11.155312   12.336746  ...  19.98463   -11.653585
    9.407747 ]
 [ 11.155312  350.95084    13.606478  ...  40.493378   -5.1213155
   24.24424  ]
 [ 12.336746   13.606478  334.63458   ... -37.23349   -23.590166
   13.42072  ]
 ...
 [ 19.98463    40.493378  -37.23349   ... 293.89545   -20.082073
    8.071643 ]
 [-11.653585   -5.1213155 -23.590166  ... -20.082073  307.5666
    5.079344 ]
 [  9.407747   24.24424    13.42072   ...   8.071642    5.0793467
  365.3545   ]]

Step 38
  Symbolic: Add(x20:Matrix(457, 273), x21:Matrix(457, 273)) -> t38
  Concrete: tf.add(x20, x21)
  Result shape: (457, 273)
  Result value:
[[ 0.86777854  1.2164149   0.38271624 ... -0.6575949   0.48592883
  -0.7349678 ]
 [ 1.156831    2.719565   -1.4601905  ...  0.9138522  -2.6032515
  -2.45443   ]
 [ 0.3782618   1.9926084   0.12222171 ...  2.0864518  -0.22831625
   1.9396728 ]
 ...
 [ 3.251545   -2.2350235   1.5044001  ...  0.48392987  1.9227071
   0.8585283 ]
 [-0.6724696   1.3891923  -0.50144637 ...  2.1153646   0.08733511
  -0.06187725]
 [ 1.4222038  -0.3625015  -1.4769138  ...  1.5714908   1.202935
  -1.7736895 ]]

Step 39
  Symbolic: MatMul(t21:Matrix(237, 237), t5:Matrix(237, 237)) -> t39
  Concrete: tf.linalg.matmul(t21, t5)
  Result shape: (237, 237)
  Result value:
[[nan nan nan ... nan nan nan]
 [nan nan nan ... nan nan nan]
 [nan nan nan ... nan nan nan]
 ...
 [nan nan nan ... nan nan nan]
 [nan nan nan ... nan nan nan]
 [nan nan nan ... nan nan nan]]

Step 40
  Symbolic: Add(x40:Matrix(237, 237), x44:Matrix(237, 237)) -> t40
  Concrete: tf.add(x40, x44)
  Result shape: (237, 237)
  Result value:
[[-0.62333614  0.9670582  -0.00530952 ... -0.5319476  -1.4633983
   0.4563259 ]
 [ 0.9670582   2.0266054   2.8515973  ... -0.27921253  0.80710703
   0.41903737]
 [-0.00530952  2.8515973   0.7272819  ...  2.5329556   0.65756685
   1.5368798 ]
 ...
 [-0.5319476  -0.27921253  2.5329556  ... -0.04052901 -0.86802185
  -1.357349  ]
 [-1.4633983   0.80710703  0.65756685 ... -0.86802185  0.2831062
  -0.35531002]
 [ 0.4563259   0.41903737  1.5368798  ... -1.357349   -0.35531002
  -1.4436059 ]]

Step 41
  Symbolic: Subtract(t16:Matrix(215, 215), x11:Matrix(215, 215)) -> t41
  Concrete: tf.subtract(t16, x11)
  Result shape: (215, 215)
  Result value:
[[ -4.2711225  20.602068   13.824106  ...  -5.062973   -1.5487375
  -13.662582 ]
 [  4.1643314   9.993936    6.609193  ...   8.534164    2.023325
    9.627472 ]
 [  5.037236    5.2010717   8.066501  ...   2.4477353   5.831646
  -13.500579 ]
 ...
 [ -6.5563264  -4.120379   -7.6182165 ...   4.6254706   7.5999517
   -1.068418 ]
 [-10.686168   -4.997428  -12.368679  ...  -1.4341674  -6.7219567
    8.401238 ]
 [ -4.2124224  11.225522   11.830567  ...  -7.9589224   7.6949906
   -1.3587122]]

Step 42
  Symbolic: MatMul(t41:Matrix(215, 215), t41:Matrix(215, 215)) -> t42
  Concrete: tf.linalg.matmul(t41, t41)
  Result shape: (215, 215)
  Result value:
[[ 3746.9487     160.94098   1960.5747   ...   247.97585    532.0167
   1304.6753  ]
 [-1791.8977     -37.806824   325.51447  ...  2741.8606    1872.275
  -2195.1248  ]
 [  645.8727     436.05185    954.81525  ...  -764.4052    2928.534
   -545.86957 ]
 ...
 [  700.4722   -1377.7126    -438.78674  ... -1382.4578    -392.69748
   -261.97052 ]
 [ 1250.2264    -402.7306     981.9403   ...  -924.66895   1584.8154
   1574.4427  ]
 [-2535.321      124.02202    463.62482  ...  4861.902     -747.7874
  -1158.2429  ]]

Step 43
  Symbolic: MatMul(t32:Matrix(237, 237), t35:Matrix(237, 237)) -> t43
  Concrete: tf.linalg.matmul(t32, t35)
  Result shape: (237, 237)
  Result value:
[[nan nan nan ... nan nan nan]
 [nan nan nan ... nan nan nan]
 [nan nan nan ... nan nan nan]
 ...
 [nan nan nan ... nan nan nan]
 [nan nan nan ... nan nan nan]
 [nan nan nan ... nan nan nan]]

Step 44
  Symbolic: MatMul(t23:Matrix(237, 237), t28:Matrix(237, 237)) -> t44
  Concrete: tf.linalg.matmul(t23, t28)
  Result shape: (237, 237)
  Result value:
[[nan nan nan ... nan nan nan]
 [nan nan nan ... nan nan nan]
 [nan nan nan ... nan nan nan]
 ...
 [nan nan nan ... nan nan nan]
 [nan nan nan ... nan nan nan]
 [nan nan nan ... nan nan nan]]

Step 45
  Symbolic: Subtract(t28:Matrix(237, 237), t32:Matrix(237, 237)) -> t45
  Concrete: tf.subtract(t28, t32)
  Result shape: (237, 237)
  Result value:
[[nan nan nan ... nan nan nan]
 [nan nan nan ... nan nan nan]
 [nan nan nan ... nan nan nan]
 ...
 [nan nan nan ... nan nan nan]
 [nan nan nan ... nan nan nan]
 [nan nan nan ... nan nan nan]]

Step 46
  Symbolic: MatMul(t27:Matrix(215, 215), t42:Matrix(215, 215)) -> t46
  Concrete: tf.linalg.matmul(t27, t42)
  Result shape: (215, 215)
  Result value:
[[0. 0. 0. ... 0. 0. 0.]
 [0. 0. 0. ... 0. 0. 0.]
 [0. 0. 0. ... 0. 0. 0.]
 ...
 [0. 0. 0. ... 0. 0. 0.]
 [0. 0. 0. ... 0. 0. 0.]
 [0. 0. 0. ... 0. 0. 0.]]

Step 47
  Symbolic: Add(t29:Matrix(237, 237), t37:Matrix(237, 237)) -> t47
  Concrete: tf.add(t29, t37)
  Result shape: (237, 237)
  Result value:
[[nan nan nan ... nan nan nan]
 [nan nan nan ... nan nan nan]
 [nan nan nan ... nan nan nan]
 ...
 [nan nan nan ... nan nan nan]
 [nan nan nan ... nan nan nan]
 [nan nan nan ... nan nan nan]]

Step 48
  Symbolic: Add(t28:Matrix(237, 237), t47:Matrix(237, 237)) -> t48
  Concrete: tf.add(t28, t47)
  Result shape: (237, 237)
  Result value:
[[nan nan nan ... nan nan nan]
 [nan nan nan ... nan nan nan]
 [nan nan nan ... nan nan nan]
 ...
 [nan nan nan ... nan nan nan]
 [nan nan nan ... nan nan nan]
 [nan nan nan ... nan nan nan]]

Step 49
  Symbolic: Subtract(t37:Matrix(237, 237), t45:Matrix(237, 237)) -> t49
  Concrete: tf.subtract(t37, t45)
  Result shape: (237, 237)
  Result value:
[[nan nan nan ... nan nan nan]
 [nan nan nan ... nan nan nan]
 [nan nan nan ... nan nan nan]
 ...
 [nan nan nan ... nan nan nan]
 [nan nan nan ... nan nan nan]
 [nan nan nan ... nan nan nan]]

Step 50
  Symbolic: Add(t37:Matrix(237, 237), t45:Matrix(237, 237)) -> t50
  Concrete: tf.add(t37, t45)
  Result shape: (237, 237)
  Result value:
[[nan nan nan ... nan nan nan]
 [nan nan nan ... nan nan nan]
 [nan nan nan ... nan nan nan]
 ...
 [nan nan nan ... nan nan nan]
 [nan nan nan ... nan nan nan]
 [nan nan nan ... nan nan nan]]

Step 51
  Symbolic: Add(x8:Matrix(484, 484), t34:Matrix(484, 484)) -> t51
  Concrete: tf.add(x8, t34)
  Result shape: (484, 484)
  Result value:
[[  7.413339    16.817095     8.57555    ... -19.4949      15.539736
   -2.2967043 ]
 [-13.373608     5.581949     2.118891   ...   8.893131   -11.056053
   -7.0908985 ]
 [-19.963886     7.979162    -1.1009107  ... -13.758536    -3.9069011
   38.6885    ]
 ...
 [-13.891701     0.12134433  42.995605   ...  -0.22001457 -14.70101
   -3.9558015 ]
 [ 14.57214    -32.406322   -21.128067   ... -13.176029    22.620493
    1.5715072 ]
 [-33.428825    22.569118    12.010199   ...   8.41734    -15.21978
   -7.154167  ]]

Step 52
  Symbolic: MatMul(t22:Matrix(237, 237), t28:Matrix(237, 237)) -> t52
  Concrete: tf.linalg.matmul(t22, t28)
  Result shape: (237, 237)
  Result value:
[[nan nan nan ... nan nan nan]
 [nan nan nan ... nan nan nan]
 [nan nan nan ... nan nan nan]
 ...
 [nan nan nan ... nan nan nan]
 [nan nan nan ... nan nan nan]
 [nan nan nan ... nan nan nan]]

Step 53
  Symbolic: Subtract(x43:Matrix(237, 237), x41:Matrix(237, 237)) -> t53
  Concrete: tf.subtract(x43, x41)
  Result shape: (237, 237)
  Result value:
[[ 0.51888514 -0.13527566  0.62166166 ... -0.617039    0.1483295
   1.0166531 ]
 [-0.13527566  0.8779905  -0.44428742 ...  0.50573456  0.7564133
  -0.51030356]
 [ 0.62166166 -0.44428742 -1.3579907  ... -0.9250095  -1.731392
   0.4097651 ]
 ...
 [-0.617039    0.50573456 -0.9250095  ...  1.9113696   0.03432399
  -2.6116211 ]
 [ 0.1483295   0.7564133  -1.731392   ...  0.03432399  0.39681274
  -0.37136632]
 [ 1.0166531  -0.51030356  0.4097651  ... -2.6116211  -0.37136632
   2.42736   ]]

Step 54
  Symbolic: Subtract(t9:Matrix(237, 237), t48:Matrix(237, 237)) -> t54
  Concrete: tf.subtract(t9, t48)
  Result shape: (237, 237)
  Result value:
[[nan nan nan ... nan nan nan]
 [nan nan nan ... nan nan nan]
 [nan nan nan ... nan nan nan]
 ...
 [nan nan nan ... nan nan nan]
 [nan nan nan ... nan nan nan]
 [nan nan nan ... nan nan nan]]

Step 55
  Symbolic: MatMul(t2:Matrix(237, 237), x41:Matrix(237, 237)) -> t55
  Concrete: tf.linalg.matmul(t2, x41)
  Result shape: (237, 237)
  Result value:
[[146.68225    18.762028   12.0549965 ...  13.729484   17.742476
   18.70897  ]
 [ 19.10284   155.17842    -6.0654154 ...  39.05606   -19.29855
  -12.181746 ]
 [-12.83621   -10.421737  130.8604    ...   4.720271  -30.934486
   11.844643 ]
 ...
 [ 12.669525   25.084389   -1.7881927 ... 142.69781     4.8293676
   -8.159744 ]
 [ 41.622784  -15.6791525  -3.0647657 ...   2.8737853 170.45834
  -22.422018 ]
 [  5.136862   -4.1485596   9.052453  ... -19.597544  -19.64959
  121.17585  ]]

Step 56
  Symbolic: MatMul(t43:Matrix(237, 237), t22:Matrix(237, 237)) -> t56
  Concrete: tf.linalg.matmul(t43, t22)
  Result shape: (237, 237)
  Result value:
[[nan nan nan ... nan nan nan]
 [nan nan nan ... nan nan nan]
 [nan nan nan ... nan nan nan]
 ...
 [nan nan nan ... nan nan nan]
 [nan nan nan ... nan nan nan]
 [nan nan nan ... nan nan nan]]

Step 57
  Symbolic: Subtract(t44:Matrix(237, 237), x44:Matrix(237, 237)) -> t57
  Concrete: tf.subtract(t44, x44)
  Result shape: (237, 237)
  Result value:
[[nan nan nan ... nan nan nan]
 [nan nan nan ... nan nan nan]
 [nan nan nan ... nan nan nan]
 ...
 [nan nan nan ... nan nan nan]
 [nan nan nan ... nan nan nan]
 [nan nan nan ... nan nan nan]]

Step 58
  Symbolic: MatMul(t49:Matrix(237, 237), t32:Matrix(237, 237)) -> t58
  Concrete: tf.linalg.matmul(t49, t32)
  Result shape: (237, 237)
  Result value:
[[nan nan nan ... nan nan nan]
 [nan nan nan ... nan nan nan]
 [nan nan nan ... nan nan nan]
 ...
 [nan nan nan ... nan nan nan]
 [nan nan nan ... nan nan nan]
 [nan nan nan ... nan nan nan]]

Step 59
  Symbolic: Subtract(t39:Matrix(237, 237), t45:Matrix(237, 237)) -> t59
  Concrete: tf.subtract(t39, t45)
  Result shape: (237, 237)
  Result value:
[[nan nan nan ... nan nan nan]
 [nan nan nan ... nan nan nan]
 [nan nan nan ... nan nan nan]
 ...
 [nan nan nan ... nan nan nan]
 [nan nan nan ... nan nan nan]
 [nan nan nan ... nan nan nan]]

Step 60
  Symbolic: MatMul(x13:Matrix(215, 215), x12:Matrix(215, 215)) -> t60
  Concrete: tf.linalg.matmul(x13, x12)
  Result shape: (215, 215)
  Result value:
[[ 13.770369   -5.883416   11.221771  ... -11.809085    9.403445
    8.471561 ]
 [  5.666917    5.928735    2.3201857 ...  -8.801615   -3.4299812
   -5.8797684]
 [ 12.281886    7.804254   -8.591203  ...  25.909945   -9.619498
   10.140976 ]
 ...
 [ -6.2100534   6.386469   13.964501  ...   7.2711134   6.936716
    4.3640895]
 [ 12.172016   14.457382   -0.8815974 ...  13.244433   -4.281517
    3.8551443]
 [  0.697508   -4.756032    3.8547392 ...  -1.844569   -2.8632476
   -1.0475969]]

Step 61
  Symbolic: Subtract(x44:Matrix(237, 237), x40:Matrix(237, 237)) -> t61
  Concrete: tf.subtract(x44, x40)
  Result shape: (237, 237)
  Result value:
[[ 2.0496986   1.4283466  -0.937664   ...  0.21291935 -0.466483
  -0.58609784]
 [ 1.4283466  -1.9300097  -0.06091726 ...  0.3628505   0.38225216
  -0.6447995 ]
 [-0.937664   -0.06091726 -0.44733024 ...  0.49700058  0.40055507
  -0.21826726]
 ...
 [ 0.21291935  0.3628505   0.49700058 ... -1.5279487   0.29819965
  -0.34959304]
 [-0.466483    0.38225216  0.40055507 ...  0.29819965  2.8265877
   1.1997395 ]
 [-0.58609784 -0.6447995  -0.21826726 ... -0.34959304  1.1997395
   0.87464285]]

Step 62
  Symbolic: MatMul(t51:Matrix(484, 484), t51:Matrix(484, 484)) -> t62
  Concrete: tf.linalg.matmul(t51, t51)
  Result shape: (484, 484)
  Result value:
[[ -6462.328      146.89545   3687.5352  ... -13872.707    -5689.67
     959.2803 ]
 [  6563.9673    1585.7332     965.0542  ...   9913.074     -955.1653
   -4181.5176 ]
 [  -799.828     2937.102      153.7561  ...   3937.6118    7103.8203
    5421.4404 ]
 ...
 [ -8601.74      1951.85      2121.5242  ...   1049.1377    1745.7277
   -3816.2954 ]
 [  -624.2354    3674.4158    5311.0215  ...  -6466.6245    -487.12445
    1730.4897 ]
 [  1833.9127    1908.6589    7473.5723  ...  -4112.1733   -4303.1426
    1352.0779 ]]

Step 63
  Symbolic: MatMul(t16:Matrix(215, 215), t16:Matrix(215, 215)) -> t63
  Concrete: tf.linalg.matmul(t16, t16)
  Result shape: (215, 215)
  Result value:
[[ 3599.924     234.27649  2135.0706  ...   277.73215   766.83344
   1349.7177 ]
 [-1510.852    -324.08765   245.1365  ...  2387.534    1880.1053
  -2193.3284 ]
 [  687.28925   175.5474    595.02155 ...  -651.1568   3048.0674
   -562.8284 ]
 ...
 [  918.37415 -1385.57     -266.99957 ... -1585.2323   -276.36188
   -550.6779 ]
 [ 1140.7113   -650.6554    821.07043 ... -1023.4872   1495.7976
   1852.3162 ]
 [-2494.3113   -147.07239   568.8384  ...  4948.172    -864.3888
   -909.5976 ]]

Step 64
  Symbolic: MatMul(t33:Matrix(237, 237), x40:Matrix(237, 237)) -> t64
  Concrete: tf.linalg.matmul(t33, x40)
  Result shape: (237, 237)
  Result value:
[[nan nan nan ... nan nan nan]
 [nan nan nan ... nan nan nan]
 [nan nan nan ... nan nan nan]
 ...
 [nan nan nan ... nan nan nan]
 [nan nan nan ... nan nan nan]
 [nan nan nan ... nan nan nan]]

Step 65
  Symbolic: MatMul(t58:Matrix(237, 237), t43:Matrix(237, 237)) -> t65
  Concrete: tf.linalg.matmul(t58, t43)
  Result shape: (237, 237)
  Result value:
[[nan nan nan ... nan nan nan]
 [nan nan nan ... nan nan nan]
 [nan nan nan ... nan nan nan]
 ...
 [nan nan nan ... nan nan nan]
 [nan nan nan ... nan nan nan]
 [nan nan nan ... nan nan nan]]

Step 66
  Symbolic: Add(x7:Matrix(484, 484), t62:Matrix(484, 484)) -> t66
  Concrete: tf.add(x7, t62)
  Result shape: (484, 484)
  Result value:
[[ -6463.8486     146.37718   3688.517   ... -13871.702    -5689.4536
     959.6849 ]
 [  6563.449     1584.1293     964.99725 ...   9911.86      -954.9612
   -4181.588  ]
 [  -798.84607   2937.0452     152.84721 ...   3936.906     7103.6953
    5420.8857 ]
 ...
 [ -8600.735     1950.6362    2120.8184  ...   1047.1509    1744.7606
   -3815.8167 ]
 [  -624.0192    3674.6199    5310.8965  ...  -6467.592     -485.65344
    1730.2413 ]
 [  1834.3174    1908.5886    7473.0176  ...  -4111.695    -4303.391
    1353.5876 ]]

Step 67
  Symbolic: Subtract(t30:Matrix(237, 237), x44:Matrix(237, 237)) -> t67
  Concrete: tf.subtract(t30, x44)
  Result shape: (237, 237)
  Result value:
[[nan nan nan ... nan nan nan]
 [nan nan nan ... nan nan nan]
 [nan nan nan ... nan nan nan]
 ...
 [nan nan nan ... nan nan nan]
 [nan nan nan ... nan nan nan]
 [nan nan nan ... nan nan nan]]

Step 68
  Symbolic: MatMul(t58:Matrix(237, 237), t5:Matrix(237, 237)) -> t68
  Concrete: tf.linalg.matmul(t58, t5)
  Result shape: (237, 237)
  Result value:
[[nan nan nan ... nan nan nan]
 [nan nan nan ... nan nan nan]
 [nan nan nan ... nan nan nan]
 ...
 [nan nan nan ... nan nan nan]
 [nan nan nan ... nan nan nan]
 [nan nan nan ... nan nan nan]]

Step 69
  Symbolic: Transpose(x46:Matrix(471, 297)) -> t69
  Concrete: tf.transpose(x46, perm=[1, 0])
  Result shape: (297, 471)
  Result value:
[[ 1.7086449  -0.91384244  0.3290405  ... -0.7171795  -1.3101357
   1.4170347 ]
 [-1.3096163   1.2592261   0.46025762 ... -1.4602381   1.2011504
   0.5205853 ]
 [ 1.1631789   0.2029483  -0.8344009  ...  1.4138538   0.7672734
   1.9944699 ]
 ...
 [-0.56601375 -1.3631022  -0.10908288 ...  0.5283847  -0.31448406
   0.00212519]
 [-1.7301222  -1.527168   -0.93249774 ...  0.5424687   0.6971815
   1.0761871 ]
 [ 0.59789383 -0.47565508  1.782303   ... -0.60282564 -0.06487883
   1.2565849 ]]

Step 70
  Symbolic: MatMul(t60:Matrix(215, 215), t42:Matrix(215, 215)) -> t70
  Concrete: tf.linalg.matmul(t60, t42)
  Result shape: (215, 215)
  Result value:
[[-144519.25  -109686.414 -122347.41  ... -199468.84   -41543.92
    66206.58 ]
 [  13825.047  -27964.938   47316.305 ...  163903.47   224988.62
    45397.695]
 [ -55797.312  729463.8    127498.51  ...  102268.67  -263995.94
  -399119.75 ]
 ...
 [ -15300.008 -294016.25   -38630.516 ...  244847.27    92653.805
   -71137.72 ]
 [ -99190.      14204.02   -13335.32  ...  167075.88  -245538.92
   -98013.23 ]
 [   8326.959  450233.7    174564.36  ...   61331.594  312107.62
  -106810.28 ]]

Step 71
  Symbolic: Sum(t22:Matrix(237, 237)) -> t71
  Concrete: tf.reduce_sum(t22)
  Result shape: ()
  Result value:
nan

Step 72
  Symbolic: MatMul(t40:Matrix(237, 237), t53:Matrix(237, 237)) -> t72
  Concrete: tf.linalg.matmul(t40, t53)
  Result shape: (237, 237)
  Result value:
[[ 29.594658    24.54649      3.2956617  ...  31.883358    12.024846
    2.8759997 ]
 [ 30.138107     7.751421    -7.9793453  ...  10.773601   -20.080719
   17.730171  ]
 [-19.903893     1.9896274   -9.966685   ...  30.11476     -1.5277185
   -1.9193811 ]
 ...
 [-10.955819    -3.3638182    4.9766016  ... -16.878742    10.483785
   -7.353808  ]
 [ 35.724686     6.7606254  -26.301353   ...   6.8409476    0.26603985
    0.61108637]
 [  8.505725     2.351461    18.982185   ...  31.507996   -24.372849
  -18.852512  ]]

Step 73
  Symbolic: Subtract(t50:Matrix(237, 237), t67:Matrix(237, 237)) -> t73
  Concrete: tf.subtract(t50, t67)
  Result shape: (237, 237)
  Result value:
[[nan nan nan ... nan nan nan]
 [nan nan nan ... nan nan nan]
 [nan nan nan ... nan nan nan]
 ...
 [nan nan nan ... nan nan nan]
 [nan nan nan ... nan nan nan]
 [nan nan nan ... nan nan nan]]

Step 74
  Symbolic: MatMul(t45:Matrix(237, 237), t54:Matrix(237, 237)) -> t74
  Concrete: tf.linalg.matmul(t45, t54)
  Result shape: (237, 237)
  Result value:
[[nan nan nan ... nan nan nan]
 [nan nan nan ... nan nan nan]
 [nan nan nan ... nan nan nan]
 ...
 [nan nan nan ... nan nan nan]
 [nan nan nan ... nan nan nan]
 [nan nan nan ... nan nan nan]]

Step 75
  Symbolic: Add(t30:Matrix(237, 237), x41:Matrix(237, 237)) -> t75
  Concrete: tf.add(t30, x41)
  Result shape: (237, 237)
  Result value:
[[nan nan nan ... nan nan nan]
 [nan nan nan ... nan nan nan]
 [nan nan nan ... nan nan nan]
 ...
 [nan nan nan ... nan nan nan]
 [nan nan nan ... nan nan nan]
 [nan nan nan ... nan nan nan]]

Step 76
  Symbolic: Subtract(t9:Matrix(237, 237), t72:Matrix(237, 237)) -> t76
  Concrete: tf.subtract(t9, t72)
  Result shape: (237, 237)
  Result value:
[[-28.474478   -24.485073    -4.192673   ... -31.059168   -12.2577715
   -3.8103344 ]
 [-30.07669     -8.664021     7.152458   ... -10.648331    20.44832
  -18.091303  ]
 [ 19.006882    -2.8165145   11.241541   ... -29.238377     2.0531282
    1.9882345 ]
 ...
 [ 11.78001      3.489088    -4.100219   ...  16.1624     -11.000355
    8.24848   ]
 [-35.95761     -6.3930235   26.826763   ...  -7.3575172   -0.8053702
    0.35482585]
 [ -9.44006     -2.7125933  -18.913332   ... -30.613323    25.33876
   17.170652  ]]

Step 77
  Symbolic: MatMul(t37:Matrix(237, 237), t43:Matrix(237, 237)) -> t77
  Concrete: tf.linalg.matmul(t37, t43)
  Result shape: (237, 237)
  Result value:
[[nan nan nan ... nan nan nan]
 [nan nan nan ... nan nan nan]
 [nan nan nan ... nan nan nan]
 ...
 [nan nan nan ... nan nan nan]
 [nan nan nan ... nan nan nan]
 [nan nan nan ... nan nan nan]]

Step 78
  Symbolic: Add(t23:Matrix(237, 237), t72:Matrix(237, 237)) -> t78
  Concrete: tf.add(t23, t72)
  Result shape: (237, 237)
  Result value:
[[nan nan nan ... nan nan nan]
 [nan nan nan ... nan nan nan]
 [nan nan nan ... nan nan nan]
 ...
 [nan nan nan ... nan nan nan]
 [nan nan nan ... nan nan nan]
 [nan nan nan ... nan nan nan]]

Step 79
  Symbolic: MatMul(t49:Matrix(237, 237), t75:Matrix(237, 237)) -> t79
  Concrete: tf.linalg.matmul(t49, t75)
  Result shape: (237, 237)
  Result value:
[[nan nan nan ... nan nan nan]
 [nan nan nan ... nan nan nan]
 [nan nan nan ... nan nan nan]
 ...
 [nan nan nan ... nan nan nan]
 [nan nan nan ... nan nan nan]
 [nan nan nan ... nan nan nan]]

Step 80
  Symbolic: Subtract(t74:Matrix(237, 237), t78:Matrix(237, 237)) -> t80
  Concrete: tf.subtract(t74, t78)
  Result shape: (237, 237)
  Result value:
[[nan nan nan ... nan nan nan]
 [nan nan nan ... nan nan nan]
 [nan nan nan ... nan nan nan]
 ...
 [nan nan nan ... nan nan nan]
 [nan nan nan ... nan nan nan]
 [nan nan nan ... nan nan nan]]

Step 81
  Symbolic: MatMul(t75:Matrix(237, 237), t29:Matrix(237, 237)) -> t81
  Concrete: tf.linalg.matmul(t75, t29)
  Result shape: (237, 237)
  Result value:
[[nan nan nan ... nan nan nan]
 [nan nan nan ... nan nan nan]
 [nan nan nan ... nan nan nan]
 ...
 [nan nan nan ... nan nan nan]
 [nan nan nan ... nan nan nan]
 [nan nan nan ... nan nan nan]]

Step 82
  Symbolic: MatMul(t60:Matrix(215, 215), x12:Matrix(215, 215)) -> t82
  Concrete: tf.linalg.matmul(t60, x12)
  Result shape: (215, 215)
  Result value:
[[ 281.01633   -52.599545 -102.59909  ... -132.49182    73.882454
  -158.4399  ]
 [ 104.99683  -126.02289   -91.08317  ... -110.959526  189.64839
  -202.35489 ]
 [  -7.412295 -127.436844 -127.554695 ... -162.48401   -30.111874
  -274.0032  ]
 ...
 [ -52.51738    12.061293   14.516951 ...   93.934555 -116.63217
   404.24496 ]
 [ 180.8968     66.96635   -82.8205   ... -137.28905   -21.737854
  -110.82916 ]
 [ -98.699196  233.88385  -123.27843  ...  155.5691    -89.44548
   -85.11309 ]]

Step 83
  Symbolic: Add(t80:Matrix(237, 237), t67:Matrix(237, 237)) -> t83
  Concrete: tf.add(t80, t67)
  Result shape: (237, 237)
  Result value:
[[nan nan nan ... nan nan nan]
 [nan nan nan ... nan nan nan]
 [nan nan nan ... nan nan nan]
 ...
 [nan nan nan ... nan nan nan]
 [nan nan nan ... nan nan nan]
 [nan nan nan ... nan nan nan]]

Step 84
  Symbolic: MatMul(t33:Matrix(237, 237), t33:Matrix(237, 237)) -> t84
  Concrete: tf.linalg.matmul(t33, t33)
  Result shape: (237, 237)
  Result value:
[[nan nan nan ... nan nan nan]
 [nan nan nan ... nan nan nan]
 [nan nan nan ... nan nan nan]
 ...
 [nan nan nan ... nan nan nan]
 [nan nan nan ... nan nan nan]
 [nan nan nan ... nan nan nan]]

Step 85
  Symbolic: Subtract(t77:Matrix(237, 237), t54:Matrix(237, 237)) -> t85
  Concrete: tf.subtract(t77, t54)
  Result shape: (237, 237)
  Result value:
[[nan nan nan ... nan nan nan]
 [nan nan nan ... nan nan nan]
 [nan nan nan ... nan nan nan]
 ...
 [nan nan nan ... nan nan nan]
 [nan nan nan ... nan nan nan]
 [nan nan nan ... nan nan nan]]

Step 86
  Symbolic: MatMul(t5:Matrix(237, 237), t2:Matrix(237, 237)) -> t86
  Concrete: tf.linalg.matmul(t5, t2)
  Result shape: (237, 237)
  Result value:
[[ -36.708206   45.227734  -29.313755 ...  247.95537    81.276924
  -222.65512 ]
 [ 198.8845   -156.60608   266.55646  ...  101.668846 -108.95861
   -32.79742 ]
 [ 233.72527   427.207     145.02913  ...  306.7952    -10.480515
    74.09133 ]
 ...
 [-104.742386   -7.527954  165.60593  ... -148.70905   196.79492
    94.36467 ]
 [ 144.45834   -78.078766   -4.785721 ...  -19.962208  171.86784
   258.58133 ]
 [ -93.735916  -82.44713   308.52765  ...  241.11441   308.62112
  -381.4765  ]]

Step 87
  Symbolic: Subtract(t49:Matrix(237, 237), t24:Matrix(237, 237)) -> t87
  Concrete: tf.subtract(t49, t24)
  Result shape: (237, 237)
  Result value:
[[nan nan nan ... nan nan nan]
 [nan nan nan ... nan nan nan]
 [nan nan nan ... nan nan nan]
 ...
 [nan nan nan ... nan nan nan]
 [nan nan nan ... nan nan nan]
 [nan nan nan ... nan nan nan]]

Step 88
  Symbolic: Subtract(t66:Matrix(484, 484), x6:Matrix(484, 484)) -> t88
  Concrete: tf.subtract(t66, x6)
  Result shape: (484, 484)
  Result value:
[[ -6464.171      146.21666   3688.541   ... -13871.389    -5690.1226
     959.843  ]
 [  6563.2886    1585.2366     965.274   ...   9911.884     -953.55145
   -4182.586  ]
 [  -798.82214   2937.322      153.13531 ...   3936.6228    7104.7856
    5421.1426 ]
 ...
 [ -8600.422     1950.6592    2120.5352  ...   1045.3519    1745.5157
   -3814.3152 ]
 [  -624.68823   3676.0295    5311.987   ...  -6466.837     -483.84543
    1730.474  ]
 [  1834.4755    1907.5906    7473.2744  ...  -4110.1934   -4303.1587
    1355.312  ]]

Step 89
  Symbolic: Subtract(t40:Matrix(237, 237), t83:Matrix(237, 237)) -> t89
  Concrete: tf.subtract(t40, t83)
  Result shape: (237, 237)
  Result value:
[[nan nan nan ... nan nan nan]
 [nan nan nan ... nan nan nan]
 [nan nan nan ... nan nan nan]
 ...
 [nan nan nan ... nan nan nan]
 [nan nan nan ... nan nan nan]
 [nan nan nan ... nan nan nan]]

Step 90
  Symbolic: Add(x6:Matrix(484, 484), x5:Matrix(484, 484)) -> t90
  Concrete: tf.add(x6, x5)
  Result shape: (484, 484)
  Result value:
[[ 8.4328228e-01 -5.3962332e-01 -9.4015002e-01 ... -3.6395073e-01
   3.2982749e-01  2.3649617e-01]
 [-5.3962332e-01  4.8030329e-01 -5.7754421e-01 ...  1.8385724e+00
  -1.4246742e+00  5.8834088e-01]
 [-9.4015002e-01 -5.7754421e-01  1.6383795e+00 ...  9.4278455e-03
  -1.8280736e+00 -1.2504133e+00]
 ...
 [-3.6395073e-01  1.8385724e+00  9.4278455e-03 ...  1.4984648e+00
   2.1990538e-03 -2.3590479e+00]
 [ 3.2982749e-01 -1.4246742e+00 -1.8280736e+00 ...  2.1990538e-03
  -3.7499814e+00 -5.2787721e-01]
 [ 2.3649617e-01  5.8834088e-01 -1.2504133e+00 ... -2.3590479e+00
  -5.2787721e-01 -1.1249006e+00]]

Step 91
  Symbolic: MatMul(t5:Matrix(237, 237), t79:Matrix(237, 237)) -> t91
  Concrete: tf.linalg.matmul(t5, t79)
  Result shape: (237, 237)
  Result value:
[[nan nan nan ... nan nan nan]
 [nan nan nan ... nan nan nan]
 [nan nan nan ... nan nan nan]
 ...
 [nan nan nan ... nan nan nan]
 [nan nan nan ... nan nan nan]
 [nan nan nan ... nan nan nan]]

Step 92
  Symbolic: MatMul(x43:Matrix(237, 237), t78:Matrix(237, 237)) -> t92
  Concrete: tf.linalg.matmul(x43, t78)
  Result shape: (237, 237)
  Result value:
[[nan nan nan ... nan nan nan]
 [nan nan nan ... nan nan nan]
 [nan nan nan ... nan nan nan]
 ...
 [nan nan nan ... nan nan nan]
 [nan nan nan ... nan nan nan]
 [nan nan nan ... nan nan nan]]

Step 93
  Symbolic: MatMul(t35:Matrix(237, 237), t40:Matrix(237, 237)) -> t93
  Concrete: tf.linalg.matmul(t35, t40)
  Result shape: (237, 237)
  Result value:
[[nan nan nan ... nan nan nan]
 [nan nan nan ... nan nan nan]
 [nan nan nan ... nan nan nan]
 ...
 [nan nan nan ... nan nan nan]
 [nan nan nan ... nan nan nan]
 [nan nan nan ... nan nan nan]]

Step 94
  Symbolic: MatMul(t85:Matrix(237, 237), t54:Matrix(237, 237)) -> t94
  Concrete: tf.linalg.matmul(t85, t54)
  Result shape: (237, 237)
  Result value:
[[nan nan nan ... nan nan nan]
 [nan nan nan ... nan nan nan]
 [nan nan nan ... nan nan nan]
 ...
 [nan nan nan ... nan nan nan]
 [nan nan nan ... nan nan nan]
 [nan nan nan ... nan nan nan]]

Step 95
  Symbolic: MatMul(t20:Matrix(237, 237), t76:Matrix(237, 237)) -> t95
  Concrete: tf.linalg.matmul(t20, t76)
  Result shape: (237, 237)
  Result value:
[[nan nan nan ... nan nan nan]
 [nan nan nan ... nan nan nan]
 [nan nan nan ... nan nan nan]
 ...
 [nan nan nan ... nan nan nan]
 [nan nan nan ... nan nan nan]
 [nan nan nan ... nan nan nan]]

Step 96
  Symbolic: Subtract(t6:Matrix(484, 484), t6:Matrix(484, 484)) -> t96
  Concrete: tf.subtract(t6, t6)
  Result shape: (484, 484)
  Result value:
[[0. 0. 0. ... 0. 0. 0.]
 [0. 0. 0. ... 0. 0. 0.]
 [0. 0. 0. ... 0. 0. 0.]
 ...
 [0. 0. 0. ... 0. 0. 0.]
 [0. 0. 0. ... 0. 0. 0.]
 [0. 0. 0. ... 0. 0. 0.]]

Step 97
  Symbolic: Subtract(t57:Matrix(237, 237), t78:Matrix(237, 237)) -> t97
  Concrete: tf.subtract(t57, t78)
  Result shape: (237, 237)
  Result value:
[[nan nan nan ... nan nan nan]
 [nan nan nan ... nan nan nan]
 [nan nan nan ... nan nan nan]
 ...
 [nan nan nan ... nan nan nan]
 [nan nan nan ... nan nan nan]
 [nan nan nan ... nan nan nan]]

Step 98
  Symbolic: MatMul(x11:Matrix(215, 215), t16:Matrix(215, 215)) -> t98
  Concrete: tf.linalg.matmul(x11, t16)
  Result shape: (215, 215)
  Result value:
[[  74.83247     87.49866    -24.68549   ...   -7.8740654   50.34677
    27.91551  ]
 [ 297.11752    -17.002476  -149.88397   ... -213.801       30.771212
  -108.753555 ]
 [ -24.365072    14.486679    60.26494   ...   86.18704    111.76306
   -29.130379 ]
 ...
 [ 109.97652   -114.55354    149.35716   ...  -92.81573     37.63839
  -121.383194 ]
 [  94.60742   -182.25294    -68.69704   ... -136.96346    127.89084
    60.069916 ]
 [  43.847942  -105.86304     35.02193   ...  171.60384    -26.24004
   192.40997  ]]

Step 99
  Symbolic: Add(x43:Matrix(237, 237), t35:Matrix(237, 237)) -> t99
  Concrete: tf.add(x43, t35)
  Result shape: (237, 237)
  Result value:
[[nan nan nan ... nan nan nan]
 [nan nan nan ... nan nan nan]
 [nan nan nan ... nan nan nan]
 ...
 [nan nan nan ... nan nan nan]
 [nan nan nan ... nan nan nan]
 [nan nan nan ... nan nan nan]]

Framework: tf
Final result:
tf.Tensor(
[[nan nan nan ... nan nan nan]
 [nan nan nan ... nan nan nan]
 [nan nan nan ... nan nan nan]
 ...
 [nan nan nan ... nan nan nan]
 [nan nan nan ... nan nan nan]
 [nan nan nan ... nan nan nan]], shape=(237, 237), dtype=float32)