Framework: torch
Beginning symbolic replay...

Step 0
  Symbolic: Add(x32:Matrix(391, 222), x32:Matrix(391, 222)) -> t0
  Concrete: torch.add(x32, x32)
  Result shape: (391, 222)
  Result value:
tensor([[ 3.6040, -0.9423, -1.9309,  ..., -3.0596, -0.9120,  3.1049],
        [-2.0832,  1.0010, -2.1334,  ...,  1.3468, -2.7238, -0.9535],
        [-0.1639,  0.3302, -2.5480,  ..., -1.8254, -3.3805, -0.8654],
        ...,
        [ 1.7140, -2.3408, -1.3890,  ...,  0.9348, -2.6466, -2.1168],
        [ 1.8816,  1.6583, -2.5705,  ..., -3.9024,  1.6305, -1.3018],
        [ 2.5380,  3.3710, -2.4192,  ...,  0.6861, -1.3440,  1.9650]])

Step 1
  Symbolic: Subtract(x9:Matrix(484, 484), x5:Matrix(484, 484)) -> t1
  Concrete: torch.sub(x9, x5)
  Result shape: (484, 484)
  Result value:
tensor([[ 1.1127,  0.8994,  0.4107,  ...,  0.3564,  1.1621, -0.3036],
        [ 0.8994, -0.9240,  1.8047,  ..., -3.5700,  1.3864, -1.2272],
        [ 0.4107,  1.8047, -1.0766,  ..., -0.4946,  0.7006,  1.4227],
        ...,
        [ 0.3564, -3.5700, -0.4946,  ...,  1.8379,  0.0378, -0.5382],
        [ 1.1621,  1.3864,  0.7006,  ...,  0.0378,  1.2344,  1.3457],
        [-0.3036, -1.2272,  1.4227,  ..., -0.5382,  1.3457, -2.0400]])

Step 2
  Symbolic: Subtract(x41:Matrix(237, 237), x44:Matrix(237, 237)) -> t2
  Concrete: torch.sub(x41, x44)
  Result shape: (237, 237)
  Result value:
tensor([[ 0.4070, -1.1363, -0.4255,  ...,  0.9837,  0.7320, -0.8694],
        [-1.1363, -0.9609, -2.2222,  ...,  0.0835, -0.2271, -0.2483],
        [-0.4255, -2.2222,  1.1349,  ..., -0.6386, -0.0037, -0.5905],
        ...,
        [ 0.9837,  0.0835, -0.6386,  ...,  0.0679, -0.2317,  1.7481],
        [ 0.7320, -0.2271, -0.0037,  ..., -0.2317, -2.0942,  0.5437],
        [-0.8694, -0.2483, -0.5905,  ...,  1.7481,  0.5437, -1.3974]])

Step 3
  Symbolic: Add(x39:Matrix(2, 449), x39:Matrix(2, 449)) -> t3
  Concrete: torch.add(x39, x39)
  Result shape: (2, 449)
  Result value:
tensor([[-1.6995e+00, -4.1680e-01,  8.3307e-01, -3.1404e+00, -1.4306e+00,
          2.3140e+00,  7.6894e-01, -2.7735e+00,  3.1968e+00, -3.8212e+00,
          1.9851e+00,  2.8291e-01, -3.4152e+00,  1.0414e+00, -8.1932e-01,
         -2.6470e+00, -2.4665e+00,  2.0869e+00, -1.9681e-01, -1.7508e-01,
          4.9286e-01,  7.4446e-01,  1.6589e+00, -2.3390e+00,  3.7041e+00,
          2.0146e+00,  3.1574e-01,  1.4095e+00,  3.4335e+00,  2.7716e-01,
         -3.2550e+00,  2.7455e+00,  3.6669e+00,  3.3368e+00,  5.4065e-01,
          5.4446e-01,  1.8629e+00,  9.3062e-01,  1.4205e+00,  3.0374e+00,
         -2.8556e+00,  3.1972e+00,  1.5353e+00,  3.4105e+00, -2.7867e+00,
         -3.8893e+00,  2.7954e+00,  2.3648e+00,  1.0307e+00,  2.9326e+00,
         -2.8827e+00, -2.9530e+00, -3.2760e+00, -2.4616e+00, -3.8188e+00,
          2.7824e+00, -3.8012e-01, -2.2893e+00,  3.6368e+00,  1.1659e+00,
         -3.8473e+00, -3.2200e+00, -1.9151e+00,  1.1553e+00,  1.8229e+00,
          2.0483e-01,  6.3742e-01,  3.8288e+00,  3.0871e+00, -3.5052e+00,
         -3.9075e+00,  6.8532e-01,  2.4564e-01, -4.6223e-01,  3.0129e+00,
         -1.0143e+00, -2.9155e+00, -1.8233e+00, -1.0158e+00,  1.7768e-01,
          3.8185e+00, -1.8217e-01, -1.8596e+00, -2.7303e+00, -8.5808e-01,
          2.5452e+00, -3.6662e+00, -1.2324e+00,  8.4823e-01, -2.4958e+00,
         -5.8815e-01, -3.2945e+00, -1.7858e+00,  1.5947e+00,  1.6404e-01,
         -2.2778e+00,  3.2687e+00,  8.2413e-01, -1.6077e+00, -1.9202e+00,
          2.9044e+00, -3.9283e+00, -2.0122e-01,  2.0814e+00,  2.5324e+00,
         -2.3736e+00, -2.8422e+00, -2.4563e-02,  2.9963e+00,  9.0521e-01,
         -1.7803e+00,  5.9860e-01, -1.7300e+00, -3.4032e-01, -3.9341e+00,
         -1.5402e+00,  1.6604e+00,  9.0018e-01, -1.2441e+00,  1.4105e+00,
          1.6565e+00, -1.0828e+00, -3.0336e+00,  3.4364e+00, -3.5341e+00,
         -2.1177e+00,  2.7834e+00, -3.7572e+00, -7.3223e-01, -3.1483e+00,
         -3.2655e+00,  2.5125e+00,  3.1011e+00, -1.9098e+00, -1.8314e+00,
          3.6391e+00, -1.4134e+00,  6.0728e-01,  9.6358e-01,  3.9057e+00,
         -7.9681e-01, -3.2083e+00, -1.6477e+00, -3.9870e+00,  3.9664e+00,
         -1.9837e+00,  5.9259e-01, -1.2697e+00, -9.3772e-01,  1.6532e+00,
         -2.6910e+00, -3.2266e+00,  1.4158e-02,  2.2549e+00,  1.1826e-01,
          3.9288e+00, -5.0649e-01,  2.2577e+00, -3.3666e+00, -3.3700e+00,
         -2.8832e+00,  3.6447e+00,  2.5678e+00, -2.7028e+00, -1.6743e+00,
          2.1799e+00,  7.4193e-02,  3.3449e+00, -2.5971e+00,  3.7872e+00,
          1.1355e+00, -2.8898e+00, -1.1247e+00,  2.3373e+00, -1.4095e+00,
         -1.9319e+00,  1.7019e+00,  3.3507e+00,  2.0701e+00,  2.2323e+00,
          2.1996e+00, -3.4971e+00, -2.9774e+00,  3.9521e+00, -9.0160e-01,
          8.0257e-01, -5.1071e-01, -3.6575e+00, -2.6509e+00,  3.1217e+00,
         -3.6996e+00,  1.3200e+00,  7.6927e-01,  7.6191e-01,  1.6513e-01,
         -2.4443e+00,  1.3776e+00, -1.6488e+00,  2.2681e+00,  1.5212e+00,
         -6.0052e-02,  2.4176e+00, -3.1493e+00, -3.1176e+00,  1.2112e+00,
          2.4984e+00, -6.4296e-01,  1.9863e-01,  1.5875e+00,  3.8272e+00,
         -1.6997e+00, -8.8887e-01, -2.0157e+00,  3.8270e+00, -3.7352e+00,
         -1.9621e+00,  1.6101e+00,  3.8630e+00, -3.9312e+00,  8.7225e-01,
         -2.1074e+00, -5.8839e-01, -3.9784e+00,  6.7469e-01,  1.2443e+00,
         -2.0799e+00,  7.8677e-01, -1.1539e-01,  1.6487e-01, -1.6253e-01,
         -2.9120e+00, -3.3897e+00, -3.6879e-01, -8.4150e-01,  1.0424e+00,
         -3.0414e+00, -3.3892e+00, -2.0845e+00, -3.8695e+00,  2.5520e+00,
          7.8923e-01, -3.9212e+00,  1.2179e+00, -2.9785e+00, -2.5763e-01,
          2.8753e+00,  1.2862e+00, -4.8430e-01,  1.2263e+00,  3.8357e+00,
          6.2209e-01,  3.3435e-01, -2.9069e+00,  2.9885e+00, -2.1327e+00,
         -2.5209e+00, -1.8816e+00, -1.7502e+00,  4.9034e-01, -1.9655e+00,
         -2.8882e+00, -2.1063e-01,  3.4850e+00, -1.3490e-01, -1.5218e+00,
         -2.0082e-01, -5.2987e-01,  4.7253e-01,  3.5734e+00, -2.7982e+00,
          1.7349e+00,  3.3735e+00, -2.1050e-01,  1.4230e+00,  2.2279e+00,
         -8.9555e-02, -2.9924e+00,  2.9497e+00,  3.8250e+00,  1.9530e+00,
         -3.8596e+00,  2.4953e-01,  1.8370e+00, -2.9238e+00,  2.3958e+00,
          2.3673e+00,  1.2498e+00,  3.4718e+00, -8.5907e-02,  2.2256e+00,
         -2.3115e+00, -2.5705e+00, -3.1364e+00, -1.5808e+00,  2.0887e+00,
         -9.4602e-03,  3.3370e+00,  7.9444e-01, -1.8417e+00, -9.5923e-01,
         -2.8741e+00, -6.6112e-01,  2.7271e+00, -3.4167e+00,  3.4591e+00,
          1.2857e+00,  1.9956e+00, -1.1217e+00, -2.9533e+00,  2.6137e-01,
          2.4913e-02, -5.9654e-01,  9.6550e-01, -2.2956e+00,  3.6096e+00,
         -4.1218e-01, -3.9001e+00, -2.1432e+00,  7.6856e-01, -1.7979e+00,
         -1.2849e+00, -7.7100e-01,  3.9039e+00, -4.5002e-01, -1.8792e+00,
          4.6590e-01, -2.0625e+00, -2.2370e+00,  3.6846e-01, -2.0373e+00,
         -8.5444e-01,  2.2775e+00,  2.2705e+00, -3.0278e+00,  1.8420e+00,
          6.0590e-01,  2.4000e+00,  8.7815e-01, -9.7255e-01,  3.6428e+00,
         -2.0006e+00,  2.3038e+00,  1.7472e-01, -1.4100e-01,  1.7155e+00,
         -2.2220e+00, -1.8414e+00, -1.0455e+00,  3.9480e-02, -4.1507e-01,
          2.6128e+00,  1.0941e+00, -9.7476e-01, -2.6842e+00, -4.8177e-01,
          1.1009e+00, -3.8323e+00,  3.0923e+00, -3.5746e+00,  1.4583e+00,
          4.5425e-02,  1.5430e+00, -3.4691e+00,  2.5948e+00, -1.1760e+00,
         -3.0376e+00,  8.3299e-01, -2.9409e-01,  2.0898e+00, -3.9472e+00,
         -2.3489e+00,  1.3430e+00, -3.3302e+00, -2.3796e+00,  1.4235e+00,
          6.4685e-01,  1.1996e+00,  1.5644e+00,  5.3754e-01,  3.7341e+00,
          7.7358e-01, -2.3023e+00,  2.5024e+00, -8.2939e-01,  2.8589e-01,
          1.3722e+00,  3.0167e+00,  3.8563e+00, -6.2507e-01,  2.3316e+00,
         -1.6251e+00,  1.5328e+00,  1.3669e+00, -1.6400e+00, -2.5179e+00,
          2.9880e+00,  1.1069e+00, -3.0188e+00, -5.2117e-01, -2.2680e-03,
         -3.5224e+00, -5.5787e-01,  3.2618e+00, -3.1415e+00, -1.6793e+00,
         -2.3899e+00,  3.7692e+00,  3.1721e+00, -1.8386e+00, -8.0671e-01,
         -3.7450e+00,  5.6501e-01, -1.4231e+00,  2.7541e+00, -2.0901e+00,
         -3.7927e+00,  2.0854e+00,  3.4801e+00,  3.6589e+00,  8.9504e-01,
         -1.6338e+00,  7.9993e-01, -1.7875e+00,  2.1565e+00,  1.5882e+00,
          2.6481e+00,  2.7276e+00, -7.1494e-01, -3.8296e+00,  2.6464e-01,
         -4.3741e-01,  3.8642e+00, -5.0112e-01,  3.5822e+00,  3.0096e+00,
         -3.2387e+00, -4.7389e-01, -2.6679e+00,  4.2588e-01, -3.4004e-01,
         -3.1075e+00, -3.2705e-01,  9.1093e-01,  2.7342e+00,  3.8454e-01,
         -2.2474e+00, -2.9410e+00,  2.5257e+00,  5.0327e-01],
        [ 2.6251e+00,  3.0328e+00, -1.1603e+00,  2.4127e+00,  2.9549e+00,
         -5.4849e-01, -1.6969e+00,  9.2903e-01,  2.1853e+00,  2.1217e+00,
          3.6402e+00, -2.8002e+00,  3.4972e+00, -4.4666e-01, -2.3500e+00,
          1.2987e+00, -5.5073e-01, -1.9670e+00,  1.1417e+00,  2.9772e+00,
         -2.1917e-01,  3.4682e+00,  1.0934e-01,  2.4582e+00, -1.2749e+00,
          6.0698e-01,  1.4057e+00, -7.7828e-01, -8.8585e-01,  1.4432e+00,
          2.3067e+00, -3.2292e+00,  9.4018e-01,  3.1562e+00, -3.0646e+00,
         -2.2409e+00, -6.9680e-01,  1.8133e+00,  1.8940e+00, -2.3052e+00,
         -2.1916e+00,  1.9149e-01, -2.6599e+00,  2.8179e+00,  2.1348e+00,
          2.8670e+00,  1.4329e+00, -2.4124e+00, -1.6212e+00, -1.9472e+00,
         -3.5878e+00, -2.1498e+00, -2.8702e+00,  3.4402e+00,  7.2746e-01,
          3.4829e+00,  2.8615e+00, -3.1712e+00,  2.4417e+00,  5.8897e-01,
          1.2819e+00, -3.3106e-01, -3.2163e+00, -3.5613e+00,  3.8465e-01,
         -7.5456e-01, -7.5545e-01,  4.7672e-01, -1.8445e+00, -8.2182e-01,
         -6.3449e-01,  2.2937e+00, -1.9680e+00,  2.9271e+00, -3.3320e+00,
          1.7232e+00,  4.8349e-01, -3.1017e+00, -1.0315e+00, -3.3540e+00,
          7.8974e-02, -1.8157e+00,  2.0904e+00,  1.9879e+00,  2.9393e+00,
          1.8803e+00, -1.1634e+00, -1.0276e+00,  1.6093e+00,  2.8740e+00,
          1.8343e+00,  3.2469e+00, -3.9591e+00,  1.0397e+00,  2.5565e+00,
         -2.6477e+00, -3.0081e+00,  2.3892e+00, -9.7889e-01,  3.5612e+00,
          3.8608e+00,  3.6738e+00, -2.9240e+00,  3.8298e+00, -8.3366e-01,
         -2.5850e+00,  2.4899e+00,  7.0533e-01, -1.8442e-01, -6.5453e-01,
          5.4094e-01, -5.2295e-01, -1.3537e+00, -3.5795e+00, -3.5878e+00,
         -3.5755e+00,  7.7023e-01,  2.7759e+00,  3.8628e+00, -8.1496e-01,
         -4.4947e-01, -9.5152e-01, -1.5394e+00,  3.2198e+00,  3.6496e+00,
         -3.7564e-01, -5.1257e-01, -1.5270e+00, -3.9454e+00, -3.4932e+00,
         -6.9598e-01,  6.2322e-02,  1.5642e+00,  1.8183e+00, -2.6518e+00,
          1.7678e+00, -8.9954e-01, -2.2051e+00, -1.6278e-01,  3.4458e+00,
         -1.5951e+00, -3.8136e+00,  1.3899e+00, -1.9118e+00,  1.9756e-01,
         -1.6745e-01,  3.7203e+00, -1.6235e+00,  7.1555e-01,  1.9677e+00,
         -2.8620e+00,  3.6209e-01,  1.9363e+00,  3.7755e+00, -3.3791e+00,
         -6.6343e-02, -3.1107e+00, -1.5909e+00, -4.6311e-01,  1.5637e+00,
          2.5619e+00, -2.3859e+00,  2.5434e-01,  1.2278e+00, -5.0416e-01,
         -2.0616e+00, -1.3651e+00, -3.6408e+00,  3.4534e+00, -2.4149e+00,
         -3.8141e+00,  1.8810e-01, -3.7030e+00,  3.5398e+00,  9.3469e-01,
         -8.3610e-01, -2.5160e+00,  7.7276e-01, -1.5137e+00, -1.8488e+00,
         -3.9166e+00, -2.2577e+00, -3.5063e+00,  1.6791e+00, -4.4202e-01,
         -1.7851e+00, -1.2030e+00,  8.2113e-01, -1.2440e+00, -1.1497e+00,
         -2.2683e+00, -1.0184e+00,  3.7173e+00, -6.3096e-01,  3.5167e+00,
         -3.1703e+00, -4.5658e-01, -2.9977e+00,  2.3793e+00,  1.8847e+00,
         -2.9803e+00,  1.4927e+00, -2.8210e+00,  1.5388e+00, -2.3633e+00,
          1.1992e+00,  2.3478e+00, -3.1345e-01,  2.4187e+00, -2.3500e+00,
         -3.9479e+00, -1.0580e+00,  8.5956e-01, -3.3552e+00, -1.9314e+00,
          9.8916e-01,  2.2994e+00, -1.3252e+00,  2.1548e+00,  2.8567e+00,
          2.3567e-01, -1.4902e+00, -1.5913e+00,  6.3801e-01, -5.7372e-01,
          3.8374e+00,  8.1722e-01, -5.2000e-01,  9.6706e-01, -1.6003e+00,
          1.6142e+00, -2.4788e+00,  1.7256e-01, -7.5021e-01, -3.0381e+00,
         -9.2970e-01, -1.0853e+00,  2.4410e+00, -1.2745e+00,  9.5823e-01,
         -2.0544e+00, -8.2050e-01,  2.2324e+00,  2.7207e+00, -3.4713e+00,
         -8.8320e-01, -1.9389e+00, -3.1773e+00, -3.9954e+00, -1.0101e+00,
          3.6048e+00,  3.9877e+00,  2.6888e+00,  3.3412e+00,  2.0287e-01,
         -2.4115e+00,  2.0956e+00,  2.8816e+00, -1.4994e+00, -1.9904e+00,
          5.4794e-01,  3.8421e+00, -3.8471e+00,  1.5390e+00,  2.3741e+00,
         -2.1439e-01,  8.0428e-01, -3.6856e+00, -6.1148e-01,  1.4486e+00,
         -3.6497e+00,  2.2309e+00,  2.7863e+00, -1.2394e+00, -2.9147e+00,
          3.9792e+00, -3.5379e+00, -1.3201e+00,  3.8402e+00, -2.0125e+00,
          2.2527e+00,  2.8139e+00, -2.4843e+00, -9.3674e-01,  3.2163e-01,
          3.6122e-01,  1.6842e+00,  2.1943e+00, -2.5005e+00, -1.0179e-01,
         -2.6680e+00,  1.9674e+00,  2.6560e-02, -3.3219e+00,  7.2550e-01,
         -9.4837e-01,  3.5845e+00,  3.2809e+00, -9.3342e-01, -3.2950e+00,
          5.0256e-01,  1.7112e+00, -8.8217e-01,  3.9163e+00,  2.9994e+00,
         -4.9406e-01, -2.5561e+00, -2.4229e+00,  3.2969e+00, -3.7900e+00,
          1.9136e+00, -1.4513e+00,  1.3054e+00, -2.7899e+00, -3.5794e+00,
         -1.3339e+00, -3.2207e+00,  5.2972e-02,  8.8808e-01,  2.5009e-01,
         -2.9646e+00,  2.0545e+00, -6.9003e-01, -2.8738e+00,  1.6419e+00,
         -1.7005e+00, -1.0065e-01,  8.6583e-01, -3.7931e-01,  5.9485e-01,
          1.8458e-01, -3.4684e+00,  3.8582e+00, -8.0500e-01,  6.8541e-01,
         -3.0320e+00, -3.0012e-01,  2.4573e+00,  3.1364e+00, -2.5109e-01,
          3.5244e+00,  1.8132e+00,  2.2557e+00, -1.9055e+00,  8.8301e-01,
         -1.1410e+00,  3.4596e-01,  2.5330e+00,  3.3568e+00, -1.7111e+00,
          2.7127e+00, -1.1991e+00, -2.9674e+00,  1.2742e+00, -1.4494e+00,
          5.0241e-01, -3.1257e+00,  3.3448e+00,  4.2506e-01,  3.1501e+00,
          1.0262e+00, -2.5579e+00, -1.2961e+00,  2.6834e+00,  1.0005e+00,
         -1.5014e+00, -4.8462e-01, -5.6206e-01, -2.5593e+00, -2.0277e+00,
          3.2503e+00, -1.1703e+00, -3.2061e+00,  3.4243e+00,  2.1525e+00,
         -3.1447e+00, -2.6565e+00, -2.2326e+00,  3.2849e+00, -1.8206e+00,
         -3.6125e+00, -6.1215e-01,  3.7012e+00, -3.9296e+00, -2.4216e+00,
          2.8807e+00,  2.4289e+00,  2.3862e+00, -8.8295e-01, -3.5708e+00,
          3.9041e+00,  5.8840e-01,  2.4231e-02, -1.4918e+00, -3.7923e-01,
          3.7872e+00,  2.5149e+00,  9.9049e-01,  7.8684e-01,  3.4405e+00,
          5.1738e-01,  3.0485e+00, -8.5022e-01, -8.1897e-01,  2.9470e+00,
         -2.2956e+00,  3.6046e+00, -2.8728e+00,  2.3609e+00, -1.1749e+00,
          3.8455e+00, -1.1718e+00,  1.9770e+00, -6.9221e-01,  1.0004e+00,
          1.6220e+00, -1.0595e+00, -1.7942e+00, -3.6809e+00,  1.3253e-01,
         -2.5770e+00, -1.5967e+00,  5.1166e-01,  3.0805e+00, -1.9981e+00,
         -9.1948e-01, -3.1185e+00, -3.4509e+00,  1.1636e+00,  3.7620e-01,
          3.5618e+00,  1.4130e+00, -1.6692e+00, -3.2183e+00,  3.1197e+00,
          1.2865e+00,  2.2303e+00,  1.2714e+00,  2.4148e+00,  1.8254e+00,
         -1.6342e-02,  3.4025e+00, -1.4083e+00, -2.4626e+00, -7.4407e-01,
         -1.4755e+00,  3.0547e+00,  2.4365e+00, -3.0183e-01]])

Step 4
  Symbolic: Subtract(x45:Matrix(471, 297), x46:Matrix(471, 297)) -> t4
  Concrete: torch.sub(x45, x46)
  Result shape: (471, 297)
  Result value:
tensor([[-3.4881,  1.0583, -2.8302,  ..., -0.5293,  2.4296, -1.8444],
        [ 2.4448, -1.6277,  1.2032,  ..., -0.2596, -0.0626, -1.2407],
        [-1.7145,  1.2645, -1.1407,  ...,  1.3330, -0.9273, -2.5115],
        ...,
        [ 2.6469, -0.3964, -0.4158,  ..., -0.6702,  1.2100,  0.8668],
        [ 1.5066, -1.9687,  0.5365,  ...,  0.3795, -1.0186,  2.0075],
        [-0.7247, -0.2124, -1.7026,  ..., -0.9081,  0.2562, -2.6396]])

Step 5
  Symbolic: MatMul(x44:Matrix(237, 237), x41:Matrix(237, 237)) -> t5
  Concrete: torch.matmul(x44, x41)
  Result shape: (237, 237)
  Result value:
tensor([[ -4.5227, -15.5454, -13.7457,  ...,  -8.0694,   5.8102, -16.8583],
        [-15.8862, -14.3264,   7.4029,  ..., -19.0081,  11.9104,   2.9971],
        [ 11.1455,  11.7592,   1.5909,  ..., -11.8011,   8.0972,  -7.4559],
        ...,
        [ -7.0095,  -5.0364,  -5.2926,  ...,   7.0967,  -0.6552,  -5.9170],
        [-18.0701,   8.2910, -19.7725,  ...,   1.3004,  19.2473,   7.2044],
        [ -3.2862,  -5.0361,  -4.6637,  ...,   5.5208,   4.4320,  25.5320]])

Step 6
  Symbolic: MatMul(x7:Matrix(484, 484), x9:Matrix(484, 484)) -> t6
  Concrete: torch.matmul(x7, x9)
  Result shape: (484, 484)
  Result value:
tensor([[  5.5591,  15.7416,   9.2279,  ..., -19.2498,  13.0419,  -3.7108],
        [-14.4491,   8.1886,   3.0811,  ...,   7.0186, -10.0519,  -7.9370],
        [-19.3115,   8.9414,  -5.0881,  ..., -14.5725,  -5.1328,  36.1912],
        ...,
        [-13.6466,  -1.7532,  42.1817,  ...,   3.7148, -18.2885,  -4.7602],
        [ 12.0743, -31.4022, -22.3539,  ..., -16.7635,  22.7801,   3.4254],
        [-34.8430,  21.7230,   9.5129,  ...,   7.6130, -13.3659,  -8.5310]])

Step 7
  Symbolic: MatMul(x25:Matrix(326, 32), x28:Matrix(32, 1)) -> t7
  Concrete: torch.matmul(x25, x28)
  Result shape: (326, 1)
  Result value:
tensor([[  5.2764],
        [ -5.0563],
        [  4.4412],
        [ 17.3692],
        [ -4.8068],
        [  2.8028],
        [  9.9954],
        [  1.7483],
        [ -6.4086],
        [ -6.9191],
        [ -3.1602],
        [-10.2827],
        [ 11.8579],
        [ -1.0746],
        [-10.3766],
        [ 12.0046],
        [  3.0790],
        [  6.7258],
        [  2.0355],
        [ -2.3939],
        [  0.8307],
        [  8.2134],
        [ -6.7299],
        [  4.0531],
        [ -6.4418],
        [-11.7983],
        [ -0.6448],
        [ -5.0267],
        [-16.2601],
        [ -4.7767],
        [  7.4183],
        [ 14.2696],
        [ -2.8573],
        [ -9.3725],
        [-13.2615],
        [ -4.3209],
        [ -1.3180],
        [-14.8538],
        [  5.7742],
        [ 12.9247],
        [ -6.6630],
        [ -2.3849],
        [  4.3376],
        [ -7.0313],
        [ -9.0006],
        [-10.1093],
        [-12.7300],
        [ -4.6865],
        [ 17.9412],
        [ -4.1952],
        [ -1.8483],
        [ -0.1667],
        [ -6.1244],
        [  3.6515],
        [  6.0525],
        [  2.9773],
        [ -2.5918],
        [  7.5529],
        [  1.0564],
        [  1.0824],
        [ 10.7968],
        [  3.6565],
        [-15.3929],
        [ -5.9958],
        [ -6.3616],
        [ -5.1166],
        [ -4.6845],
        [  0.2086],
        [ -7.5282],
        [  6.5032],
        [  2.6331],
        [-15.4803],
        [  9.9344],
        [  1.3059],
        [ -3.1939],
        [  8.1809],
        [-14.8779],
        [ 11.6165],
        [ 16.2794],
        [  8.0216],
        [  0.5488],
        [ -2.1611],
        [  4.2828],
        [  3.1498],
        [  3.3857],
        [  1.7289],
        [ -4.7208],
        [ -1.9937],
        [ 11.2276],
        [  9.9516],
        [ -9.6744],
        [  4.6225],
        [ -1.4838],
        [  3.7935],
        [  7.0375],
        [  1.0294],
        [ -5.3405],
        [  6.4465],
        [  1.4741],
        [  3.3820],
        [ -2.2997],
        [  6.2423],
        [ -5.7040],
        [-15.7157],
        [ -7.0834],
        [  2.5728],
        [ -1.9031],
        [ -2.9572],
        [ -5.6424],
        [ 14.7417],
        [  0.1501],
        [  3.0025],
        [  0.4820],
        [  2.1494],
        [  9.4375],
        [ 11.2587],
        [ -4.9580],
        [  6.2591],
        [  3.0120],
        [  6.3295],
        [  4.1912],
        [ -0.3041],
        [ -9.9393],
        [ 19.4183],
        [  0.4649],
        [ -2.7650],
        [ -2.2625],
        [ 11.3304],
        [-14.6171],
        [ -1.0400],
        [-10.5406],
        [ -0.6793],
        [-12.8226],
        [  1.2110],
        [  5.2575],
        [-11.7051],
        [  6.6527],
        [ -6.4167],
        [ -8.0721],
        [  8.6281],
        [ -7.7086],
        [-10.5137],
        [ -7.0549],
        [ -5.5695],
        [ -3.6052],
        [ -0.7432],
        [  1.5223],
        [ 16.7693],
        [ -9.1716],
        [  9.6089],
        [ -6.1337],
        [ 10.6100],
        [ -1.2463],
        [ 18.1313],
        [  2.6552],
        [-11.4908],
        [-13.5865],
        [  0.2557],
        [ -5.8349],
        [  7.7937],
        [ -4.5285],
        [ -4.8733],
        [ -1.2056],
        [ -4.1012],
        [ -5.6406],
        [  1.3073],
        [  1.2859],
        [ -1.1944],
        [ 12.5084],
        [ -9.1477],
        [ -2.2878],
        [  0.7971],
        [ -4.8508],
        [ -5.2637],
        [ -1.4784],
        [-16.4061],
        [  8.2144],
        [ 11.8089],
        [  1.8628],
        [  3.1902],
        [ 20.0393],
        [  3.5296],
        [  4.5778],
        [ 11.1758],
        [ -8.4173],
        [ -2.5012],
        [ 11.1975],
        [ -3.2837],
        [  8.9836],
        [ -4.4604],
        [ -5.0060],
        [  5.8267],
        [ -5.7990],
        [  7.1474],
        [  6.4877],
        [  0.7698],
        [  1.1782],
        [ -0.1035],
        [  7.2261],
        [  5.3320],
        [  5.1262],
        [  6.4519],
        [  4.7227],
        [ -4.7264],
        [ -1.9352],
        [-11.1100],
        [ -7.3580],
        [  1.2570],
        [-10.9865],
        [  0.3440],
        [ -9.4654],
        [ 14.1880],
        [  4.1879],
        [  4.9324],
        [ -4.0351],
        [  0.2256],
        [  2.5314],
        [-15.5576],
        [  3.7497],
        [ -9.9722],
        [  5.0262],
        [  5.6504],
        [  4.4505],
        [ -3.2415],
        [ -0.8555],
        [ -6.0026],
        [ -5.6251],
        [ -1.7183],
        [  0.3226],
        [ -5.6115],
        [  5.5912],
        [  6.7449],
        [ 16.5471],
        [  2.0799],
        [  3.7085],
        [ -9.9520],
        [ -6.8709],
        [ -1.5889],
        [-22.4836],
        [ -9.2283],
        [  5.7808],
        [ -5.7934],
        [-11.8740],
        [ -2.1645],
        [  3.0142],
        [ -7.3319],
        [  0.2643],
        [-10.9365],
        [  0.4015],
        [  1.6042],
        [ 11.9551],
        [  5.5574],
        [ -8.6454],
        [ -0.4444],
        [  2.4218],
        [ -7.0618],
        [ -7.2241],
        [-10.6779],
        [ -8.6486],
        [  6.8257],
        [ -2.4147],
        [ 10.9238],
        [ -3.2498],
        [  9.5405],
        [ -3.0512],
        [ -4.2128],
        [ -0.9337],
        [  7.2873],
        [ 13.7767],
        [ -8.7867],
        [  0.7496],
        [ 17.6481],
        [ -2.1764],
        [ -4.7110],
        [ -2.3190],
        [ -4.9287],
        [  0.8360],
        [ -1.2932],
        [  5.8738],
        [  2.3582],
        [ -6.0610],
        [ -6.0162],
        [  6.1060],
        [ -0.7350],
        [ 10.0664],
        [-11.0307],
        [  0.8639],
        [  5.2700],
        [ -1.0441],
        [-10.2380],
        [ 10.2204],
        [ -3.1073],
        [  2.4328],
        [ -2.5287],
        [-18.2911],
        [ -3.8806],
        [-14.3270],
        [  3.4678],
        [  3.3688],
        [  5.1961],
        [  5.5814],
        [  9.5732],
        [ -0.0776],
        [ -2.4227],
        [ -2.0402],
        [  4.9140],
        [  2.7744],
        [  2.1278],
        [ -8.8145],
        [  2.9155],
        [  3.2325],
        [ -6.5015],
        [  5.6481],
        [-16.7993],
        [ -8.4917],
        [  6.4083],
        [ -5.4412],
        [ -6.9734],
        [ -9.7326],
        [ -6.3732],
        [  5.9631],
        [  7.5672],
        [ -7.7065],
        [ -4.3129],
        [ -3.5204],
        [ -1.0616]])

Step 8
  Symbolic: Sum(x2:Matrix(65, 262)) -> t8
  Concrete: torch.sum(x2)
  Result shape: ()
  Result value:
20.86606216430664

Step 9
  Symbolic: Add(t2:Matrix(237, 237), x44:Matrix(237, 237)) -> t9
  Concrete: torch.add(t2, x44)
  Result shape: (237, 237)
  Result value:
tensor([[ 1.1202,  0.0614, -0.8970,  ...,  0.8242, -0.2329, -0.9343],
        [ 0.0614, -0.9126, -0.8269,  ...,  0.1253,  0.3676, -0.3611],
        [-0.8970, -0.8269,  1.2749,  ...,  0.8764,  0.5254,  0.0689],
        ...,
        [ 0.8242,  0.1253,  0.8764,  ..., -0.7163, -0.5166,  0.8947],
        [-0.2329,  0.3676,  0.5254,  ..., -0.5166, -0.5393,  0.9659],
        [-0.9343, -0.3611,  0.0689,  ...,  0.8947,  0.9659, -1.6819]])

Step 10
  Symbolic: Subtract(x17:Matrix(500, 30), x15:Matrix(500, 30)) -> t10
  Concrete: torch.sub(x17, x15)
  Result shape: (500, 30)
  Result value:
tensor([[ 0.2213, -0.7002, -2.2391,  ...,  1.4474,  3.0619,  1.5256],
        [ 2.9153,  2.5162, -0.8264,  ..., -1.2746, -1.2683,  0.4728],
        [ 1.4507,  2.6500,  1.4432,  ..., -0.7756,  0.2511, -0.5623],
        ...,
        [ 1.6488, -1.4973, -1.6245,  ..., -0.1714,  3.4995, -1.0818],
        [-0.2982,  2.6155,  1.5566,  ...,  0.8013,  0.9078, -2.2825],
        [-0.9053, -2.3780, -0.3247,  ..., -2.1927,  0.7656,  1.6593]])

Step 11
  Symbolic: Subtract(x10:Matrix(215, 215), x14:Matrix(215, 215)) -> t11
  Concrete: torch.sub(x10, x14)
  Result shape: (215, 215)
  Result value:
tensor([[-3.3308e+00, -1.3805e+00,  2.5939e+00,  ..., -1.6340e+00,
         -7.9450e-04,  1.1519e+00],
        [-1.3805e+00,  9.1230e-01, -9.0454e-01,  ...,  8.6428e-01,
          2.6960e-01, -1.3892e+00],
        [ 2.5939e+00, -9.0454e-01,  3.2270e+00,  ...,  1.7422e-01,
          8.8513e-01,  8.7753e-01],
        ...,
        [-1.6340e+00,  8.6428e-01,  1.7422e-01,  ..., -3.0852e+00,
          1.2775e-01, -7.1850e-01],
        [-7.9450e-04,  2.6960e-01,  8.8513e-01,  ...,  1.2775e-01,
          1.6175e+00, -8.1887e-02],
        [ 1.1519e+00, -1.3892e+00,  8.7753e-01,  ..., -7.1850e-01,
         -8.1887e-02, -2.0922e+00]])

Step 12
  Symbolic: MatMul(x29:Matrix(1, 326), t7:Matrix(326, 1)) -> t12
  Concrete: torch.matmul(x29, t7)
  Result shape: (1, 1)
  Result value:
tensor([[nan]])

Step 13
  Symbolic: MatMul(x4:Matrix(4, 65), x1:Matrix(65, 262)) -> t13
  Concrete: torch.matmul(x4, x1)
  Result shape: (4, 262)
  Result value:
tensor([[  8.3026,  -8.5613,   3.9710,  ...,   8.9241,  -2.4486,  15.0474],
        [  8.6346,   7.9033,   5.6401,  ...,   9.1811,   6.1330,   9.0740],
        [ 14.5488,   9.3779,   4.0219,  ...,  -4.7561,  -7.5688, -14.7312],
        [ -0.0888,  -9.6687,  13.7413,  ...,  13.8506,   5.0425,   4.1536]])

Step 14
  Symbolic: MatMul(x5:Matrix(484, 484), x7:Matrix(484, 484)) -> t14
  Concrete: torch.matmul(x5, x7)
  Result shape: (484, 484)
  Result value:
tensor([[  5.3289,   0.7847,   6.5214,  ...,   7.3042,  -6.4052,   2.1128],
        [  9.4484, -14.4583,   0.5337,  ...,  -7.2668,   1.9747, -10.9573],
        [ 12.6363,   4.9992,   4.3992,  ..., -15.2209, -31.0535,  -1.5577],
        ...,
        [  4.4801,   8.3078,   4.4464,  ..., -20.8159,  -2.6097,   7.2353],
        [ 12.2089,  -9.7308,  22.3489,  ..., -36.7444,  -3.4372,   4.5431],
        [ -0.8630,  12.6623, -35.3861,  ..., -19.8102, -11.1429,   8.7313]])

Step 15
  Symbolic: Subtract(x36:Matrix(449, 508), x35:Matrix(449, 508)) -> t15
  Concrete: torch.sub(x36, x35)
  Result shape: (449, 508)
  Result value:
tensor([[-0.7765,  3.0030, -2.4144,  ...,  0.5992,  1.6930, -2.0741],
        [ 0.0064, -0.1829, -2.6550,  ..., -0.6083, -0.5309, -0.3147],
        [ 2.3804, -1.9436, -3.0806,  ..., -2.0044, -1.0813, -1.8881],
        ...,
        [ 2.4774,  1.7515, -2.4730,  ...,  1.6639, -2.7882,  1.3009],
        [-2.8380,  2.3823, -1.4040,  ..., -0.3614,  1.8686,  0.3460],
        [-0.6950, -2.1253,  0.6056,  ..., -1.3631,  1.8052,  1.4872]])

Step 16
  Symbolic: MatMul(x10:Matrix(215, 215), x14:Matrix(215, 215)) -> t16
  Concrete: torch.matmul(x10, x14)
  Result shape: (215, 215)
  Result value:
tensor([[ -5.0840,  19.8898,  13.7156,  ...,  -6.1236,  -2.0939, -11.9530],
        [  3.4521,  10.3395,   6.9074,  ...,   9.1437,   0.6681,  10.0186],
        [  4.9287,   5.4993,   9.4070,  ...,   1.8731,   6.8844, -14.7803],
        ...,
        [ -7.6170,  -3.5109,  -8.1929,  ...,   6.5640,   7.7520,  -0.7658],
        [-11.2314,  -6.3526, -11.3159,  ...,  -1.2821,  -5.2085,   7.7833],
        [ -2.5028,  11.6167,  10.5508,  ...,  -7.6563,   7.0770,  -3.1903]])

Step 17
  Symbolic: Transpose(x38:Matrix(508, 5)) -> t17
  Concrete: torch.transpose(x38, 0, 1)
  Result shape: (5, 508)
  Result value:
tensor([[-1.6160, -1.8885, -0.0244,  ...,  1.3470,  0.9520, -1.7711],
        [ 1.7146,  0.4989,  1.1797,  ..., -0.6074,  0.9970, -1.2803],
        [-1.1211, -0.6939, -1.2970,  ..., -1.5186, -1.9333,  1.6448],
        [-1.0429,  0.3577,  0.3705,  ..., -1.2687,  1.6211, -1.3226],
        [-0.6861, -1.3480, -1.8184,  ..., -1.4465, -1.6755, -1.9516]])

Step 18
  Symbolic: Add(x8:Matrix(484, 484), x5:Matrix(484, 484)) -> t18
  Concrete: torch.add(x8, x5)
  Result shape: (484, 484)
  Result value:
tensor([[ 1.4481, -0.1624, -1.2424,  ..., -0.1734,  0.9098,  1.1017],
        [-0.1624,  0.2843, -0.7819,  ...,  2.7988, -0.5170,  0.0134],
        [-1.2424, -0.7819,  3.9201,  ...,  0.1333, -0.1247,  0.2552],
        ...,
        [-0.1734,  2.7988,  0.1333,  ..., -2.2679,  2.5510, -0.4554],
        [ 0.9098, -0.5170, -0.1247,  ...,  2.5510, -2.0217, -1.2222],
        [ 1.1017,  0.0134,  0.2552,  ..., -0.4554, -1.2222,  1.2878]])

Step 19
  Symbolic: Sum(x25:Matrix(326, 32)) -> t19
  Concrete: torch.sum(x25)
  Result shape: ()
  Result value:
-96.7990493774414

Step 20
  Symbolic: Subtract(x44:Matrix(237, 237), x43:Matrix(237, 237)) -> t20
  Concrete: torch.sub(x44, x43)
  Result shape: (237, 237)
  Result value:
tensor([[-0.9259,  1.2716, -0.1961,  ..., -0.3667, -0.8803, -0.1472],
        [ 1.2716,  0.0829,  2.6665,  ..., -0.5892, -0.5293,  0.7586],
        [-0.1961,  2.6665,  0.2231,  ...,  1.5636,  1.7350,  0.1807],
        ...,
        [-0.3667, -0.5892,  1.5636,  ..., -1.9793,  0.1973,  0.8635],
        [-0.8803, -0.5293,  1.7350,  ...,  0.1973,  1.6974, -0.1723],
        [-0.1472,  0.7586,  0.1807,  ...,  0.8635, -0.1723, -1.0300]])

Step 21
  Symbolic: MatMul(x44:Matrix(237, 237), t9:Matrix(237, 237)) -> t21
  Concrete: torch.matmul(x44, t9)
  Result shape: (237, 237)
  Result value:
tensor([[ -4.5227, -15.5454, -13.7457,  ...,  -8.0694,   5.8102, -16.8583],
        [-15.8862, -14.3264,   7.4029,  ..., -19.0081,  11.9104,   2.9971],
        [ 11.1455,  11.7592,   1.5909,  ..., -11.8011,   8.0972,  -7.4559],
        ...,
        [ -7.0095,  -5.0364,  -5.2926,  ...,   7.0967,  -0.6552,  -5.9170],
        [-18.0701,   8.2910, -19.7725,  ...,   1.3004,  19.2473,   7.2044],
        [ -3.2862,  -5.0361,  -4.6637,  ...,   5.5208,   4.4320,  25.5320]])

Step 22
  Symbolic: MatMul(x42:Matrix(237, 237), t5:Matrix(237, 237)) -> t22
  Concrete: torch.matmul(x42, t5)
  Result shape: (237, 237)
  Result value:
tensor([[nan, nan, nan,  ..., nan, nan, nan],
        [nan, nan, nan,  ..., nan, nan, nan],
        [nan, nan, nan,  ..., nan, nan, nan],
        ...,
        [nan, nan, nan,  ..., nan, nan, nan],
        [nan, nan, nan,  ..., nan, nan, nan],
        [nan, nan, nan,  ..., nan, nan, nan]])

Step 23
  Symbolic: Add(t22:Matrix(237, 237), x42:Matrix(237, 237)) -> t23
  Concrete: torch.add(t22, x42)
  Result shape: (237, 237)
  Result value:
tensor([[nan, nan, nan,  ..., nan, nan, nan],
        [nan, nan, nan,  ..., nan, nan, nan],
        [nan, nan, nan,  ..., nan, nan, nan],
        ...,
        [nan, nan, nan,  ..., nan, nan, nan],
        [nan, nan, nan,  ..., nan, nan, nan],
        [nan, nan, nan,  ..., nan, nan, nan]])

Step 24
  Symbolic: Subtract(t22:Matrix(237, 237), x43:Matrix(237, 237)) -> t24
  Concrete: torch.sub(t22, x43)
  Result shape: (237, 237)
  Result value:
tensor([[nan, nan, nan,  ..., nan, nan, nan],
        [nan, nan, nan,  ..., nan, nan, nan],
        [nan, nan, nan,  ..., nan, nan, nan],
        ...,
        [nan, nan, nan,  ..., nan, nan, nan],
        [nan, nan, nan,  ..., nan, nan, nan],
        [nan, nan, nan,  ..., nan, nan, nan]])

Step 25
  Symbolic: MatMul(t16:Matrix(215, 215), x10:Matrix(215, 215)) -> t25
  Concrete: torch.matmul(t16, x10)
  Result shape: (215, 215)
  Result value:
tensor([[ 163.0490,   71.0793,   55.0854,  ...,  258.5613,   86.9940,
            0.8553],
        [  71.0793,  106.9352, -122.4094,  ...,   88.2405,   77.8754,
         -270.8289],
        [  55.0855, -122.4093,   -5.4255,  ..., -236.6694, -273.8409,
           73.9556],
        ...,
        [ 258.5613,   88.2404, -236.6694,  ..., -323.6974, -142.0416,
          149.5049],
        [  86.9940,   77.8754, -273.8409,  ..., -142.0416, -107.8955,
           82.1682],
        [   0.8553, -270.8290,   73.9557,  ...,  149.5049,   82.1682,
         -127.9912]])

Step 26
  Symbolic: Sum(t7:Matrix(326, 1)) -> t26
  Concrete: torch.sum(t7)
  Result shape: ()
  Result value:
-105.43950653076172

Step 27
  Symbolic: Subtract(t16:Matrix(215, 215), t16:Matrix(215, 215)) -> t27
  Concrete: torch.sub(t16, t16)
  Result shape: (215, 215)
  Result value:
tensor([[0., 0., 0.,  ..., 0., 0., 0.],
        [0., 0., 0.,  ..., 0., 0., 0.],
        [0., 0., 0.,  ..., 0., 0., 0.],
        ...,
        [0., 0., 0.,  ..., 0., 0., 0.],
        [0., 0., 0.,  ..., 0., 0., 0.],
        [0., 0., 0.,  ..., 0., 0., 0.]])

Step 28
  Symbolic: Add(x40:Matrix(237, 237), t23:Matrix(237, 237)) -> t28
  Concrete: torch.add(x40, t23)
  Result shape: (237, 237)
  Result value:
tensor([[nan, nan, nan,  ..., nan, nan, nan],
        [nan, nan, nan,  ..., nan, nan, nan],
        [nan, nan, nan,  ..., nan, nan, nan],
        ...,
        [nan, nan, nan,  ..., nan, nan, nan],
        [nan, nan, nan,  ..., nan, nan, nan],
        [nan, nan, nan,  ..., nan, nan, nan]])

Step 29
  Symbolic: Subtract(t24:Matrix(237, 237), x44:Matrix(237, 237)) -> t29
  Concrete: torch.sub(t24, x44)
  Result shape: (237, 237)
  Result value:
tensor([[nan, nan, nan,  ..., nan, nan, nan],
        [nan, nan, nan,  ..., nan, nan, nan],
        [nan, nan, nan,  ..., nan, nan, nan],
        ...,
        [nan, nan, nan,  ..., nan, nan, nan],
        [nan, nan, nan,  ..., nan, nan, nan],
        [nan, nan, nan,  ..., nan, nan, nan]])

Step 30
  Symbolic: MatMul(t20:Matrix(237, 237), t28:Matrix(237, 237)) -> t30
  Concrete: torch.matmul(t20, t28)
  Result shape: (237, 237)
  Result value:
tensor([[nan, nan, nan,  ..., nan, nan, nan],
        [nan, nan, nan,  ..., nan, nan, nan],
        [nan, nan, nan,  ..., nan, nan, nan],
        ...,
        [nan, nan, nan,  ..., nan, nan, nan],
        [nan, nan, nan,  ..., nan, nan, nan],
        [nan, nan, nan,  ..., nan, nan, nan]])

Step 31
  Symbolic: Subtract(t29:Matrix(237, 237), t28:Matrix(237, 237)) -> t31
  Concrete: torch.sub(t29, t28)
  Result shape: (237, 237)
  Result value:
tensor([[nan, nan, nan,  ..., nan, nan, nan],
        [nan, nan, nan,  ..., nan, nan, nan],
        [nan, nan, nan,  ..., nan, nan, nan],
        ...,
        [nan, nan, nan,  ..., nan, nan, nan],
        [nan, nan, nan,  ..., nan, nan, nan],
        [nan, nan, nan,  ..., nan, nan, nan]])

Step 32
  Symbolic: Add(x43:Matrix(237, 237), x44:Matrix(237, 237)) -> t32
  Concrete: torch.add(x43, x44)
  Result shape: (237, 237)
  Result value:
tensor([[ 2.3522,  1.1238, -0.7468,  ...,  0.0476, -1.0495,  0.0174],
        [ 1.1238,  0.0137,  0.1242,  ...,  0.6728,  1.7187, -0.9843],
        [-0.7468,  0.1242,  0.0568,  ...,  1.4664, -0.6769,  1.1379],
        ...,
        [ 0.0476,  0.6728,  1.4664,  ...,  0.4108, -0.7672, -2.5704],
        [-1.0495,  1.7187, -0.6769,  ..., -0.7672,  1.4123,  1.0168],
        [ 0.0174, -0.9843,  1.1379,  ..., -2.5704,  1.0168,  0.4610]])

Step 33
  Symbolic: MatMul(t21:Matrix(237, 237), t20:Matrix(237, 237)) -> t33
  Concrete: torch.matmul(t21, t20)
  Result shape: (237, 237)
  Result value:
tensor([[nan, nan, nan,  ..., nan, nan, nan],
        [nan, nan, nan,  ..., nan, nan, nan],
        [nan, nan, nan,  ..., nan, nan, nan],
        ...,
        [nan, nan, nan,  ..., nan, nan, nan],
        [nan, nan, nan,  ..., nan, nan, nan],
        [nan, nan, nan,  ..., nan, nan, nan]])

Step 34
  Symbolic: Add(t6:Matrix(484, 484), x8:Matrix(484, 484)) -> t34
  Concrete: torch.add(t6, x8)
  Result shape: (484, 484)
  Result value:
tensor([[  6.4862,  16.2793,   8.9017,  ..., -19.3724,  14.2908,  -3.0038],
        [-13.9113,   6.8853,   2.6000,  ...,   7.9559, -10.5540,  -7.5140],
        [-19.6377,   8.4603,  -3.0945,  ..., -14.1655,  -4.5198,  37.4398],
        ...,
        [-13.7692,  -0.8159,  42.5886,  ...,   1.7474, -16.4947,  -4.3580],
        [ 13.3232, -31.9042, -21.7410,  ..., -14.9698,  22.7003,   2.4985],
        [-34.1359,  22.1461,  10.7615,  ...,   8.0152, -14.2928,  -7.8426]])

Step 35
  Symbolic: MatMul(t5:Matrix(237, 237), t21:Matrix(237, 237)) -> t35
  Concrete: torch.matmul(t5, t21)
  Result shape: (237, 237)
  Result value:
tensor([[nan, nan, nan,  ..., nan, nan, nan],
        [nan, nan, nan,  ..., nan, nan, nan],
        [nan, nan, nan,  ..., nan, nan, nan],
        ...,
        [nan, nan, nan,  ..., nan, nan, nan],
        [nan, nan, nan,  ..., nan, nan, nan],
        [nan, nan, nan,  ..., nan, nan, nan]])

Step 36
  Symbolic: MatMul(x29:Matrix(1, 326), x27:Matrix(326, 32)) -> t36
  Concrete: torch.matmul(x29, x27)
  Result shape: (1, 32)
  Result value:
tensor([[nan, nan, nan, nan, nan, nan, nan, nan, nan, nan, nan, nan, nan, nan, nan, nan, nan, nan, nan, nan, nan, nan, nan, nan,
         nan, nan, nan, nan, nan, nan, nan, nan]])

Step 37
  Symbolic: MatMul(t32:Matrix(237, 237), t32:Matrix(237, 237)) -> t37
  Concrete: torch.matmul(t32, t32)
  Result shape: (237, 237)
  Result value:
tensor([[335.2423,  11.1553,  12.3367,  ...,  19.9846, -11.6536,   9.4077],
        [ 11.1553, 350.9509,  13.6065,  ...,  40.4934,  -5.1213,  24.2442],
        [ 12.3367,  13.6065, 334.6345,  ..., -37.2335, -23.5902,  13.4207],
        ...,
        [ 19.9846,  40.4934, -37.2335,  ..., 293.8954, -20.0821,   8.0716],
        [-11.6536,  -5.1213, -23.5902,  ..., -20.0821, 307.5666,   5.0793],
        [  9.4077,  24.2442,  13.4207,  ...,   8.0716,   5.0793, 365.3545]])

Step 38
  Symbolic: Add(x20:Matrix(457, 273), x21:Matrix(457, 273)) -> t38
  Concrete: torch.add(x20, x21)
  Result shape: (457, 273)
  Result value:
tensor([[ 0.8678,  1.2164,  0.3827,  ..., -0.6576,  0.4859, -0.7350],
        [ 1.1568,  2.7196, -1.4602,  ...,  0.9139, -2.6033, -2.4544],
        [ 0.3783,  1.9926,  0.1222,  ...,  2.0865, -0.2283,  1.9397],
        ...,
        [ 3.2515, -2.2350,  1.5044,  ...,  0.4839,  1.9227,  0.8585],
        [-0.6725,  1.3892, -0.5014,  ...,  2.1154,  0.0873, -0.0619],
        [ 1.4222, -0.3625, -1.4769,  ...,  1.5715,  1.2029, -1.7737]])

Step 39
  Symbolic: MatMul(t21:Matrix(237, 237), t5:Matrix(237, 237)) -> t39
  Concrete: torch.matmul(t21, t5)
  Result shape: (237, 237)
  Result value:
tensor([[nan, nan, nan,  ..., nan, nan, nan],
        [nan, nan, nan,  ..., nan, nan, nan],
        [nan, nan, nan,  ..., nan, nan, nan],
        ...,
        [nan, nan, nan,  ..., nan, nan, nan],
        [nan, nan, nan,  ..., nan, nan, nan],
        [nan, nan, nan,  ..., nan, nan, nan]])

Step 40
  Symbolic: Add(x40:Matrix(237, 237), x44:Matrix(237, 237)) -> t40
  Concrete: torch.add(x40, x44)
  Result shape: (237, 237)
  Result value:
tensor([[-0.6233,  0.9671, -0.0053,  ..., -0.5319, -1.4634,  0.4563],
        [ 0.9671,  2.0266,  2.8516,  ..., -0.2792,  0.8071,  0.4190],
        [-0.0053,  2.8516,  0.7273,  ...,  2.5330,  0.6576,  1.5369],
        ...,
        [-0.5319, -0.2792,  2.5330,  ..., -0.0405, -0.8680, -1.3573],
        [-1.4634,  0.8071,  0.6576,  ..., -0.8680,  0.2831, -0.3553],
        [ 0.4563,  0.4190,  1.5369,  ..., -1.3573, -0.3553, -1.4436]])

Step 41
  Symbolic: Subtract(t16:Matrix(215, 215), x11:Matrix(215, 215)) -> t41
  Concrete: torch.sub(t16, x11)
  Result shape: (215, 215)
  Result value:
tensor([[ -4.2711,  20.6021,  13.8241,  ...,  -5.0630,  -1.5487, -13.6626],
        [  4.1643,   9.9939,   6.6092,  ...,   8.5342,   2.0233,   9.6275],
        [  5.0372,   5.2011,   8.0665,  ...,   2.4477,   5.8316, -13.5006],
        ...,
        [ -6.5563,  -4.1204,  -7.6182,  ...,   4.6255,   7.6000,  -1.0684],
        [-10.6862,  -4.9974, -12.3687,  ...,  -1.4342,  -6.7220,   8.4012],
        [ -4.2124,  11.2255,  11.8306,  ...,  -7.9589,   7.6950,  -1.3587]])

Step 42
  Symbolic: MatMul(t41:Matrix(215, 215), t41:Matrix(215, 215)) -> t42
  Concrete: torch.matmul(t41, t41)
  Result shape: (215, 215)
  Result value:
tensor([[ 3746.9482,   160.9416,  1960.5746,  ...,   247.9759,   532.0172,
          1304.6750],
        [-1791.8977,   -37.8067,   325.5151,  ...,  2741.8591,  1872.2750,
         -2195.1248],
        [  645.8724,   436.0514,   954.8155,  ...,  -764.4048,  2928.5334,
          -545.8693],
        ...,
        [  700.4722, -1377.7128,  -438.7866,  ..., -1382.4573,  -392.6975,
          -261.9703],
        [ 1250.2268,  -402.7308,   981.9406,  ...,  -924.6689,  1584.8159,
          1574.4431],
        [-2535.3213,   124.0219,   463.6250,  ...,  4861.9014,  -747.7871,
         -1158.2419]])

Step 43
  Symbolic: MatMul(t32:Matrix(237, 237), t35:Matrix(237, 237)) -> t43
  Concrete: torch.matmul(t32, t35)
  Result shape: (237, 237)
  Result value:
tensor([[nan, nan, nan,  ..., nan, nan, nan],
        [nan, nan, nan,  ..., nan, nan, nan],
        [nan, nan, nan,  ..., nan, nan, nan],
        ...,
        [nan, nan, nan,  ..., nan, nan, nan],
        [nan, nan, nan,  ..., nan, nan, nan],
        [nan, nan, nan,  ..., nan, nan, nan]])

Step 44
  Symbolic: MatMul(t23:Matrix(237, 237), t28:Matrix(237, 237)) -> t44
  Concrete: torch.matmul(t23, t28)
  Result shape: (237, 237)
  Result value:
tensor([[nan, nan, nan,  ..., nan, nan, nan],
        [nan, nan, nan,  ..., nan, nan, nan],
        [nan, nan, nan,  ..., nan, nan, nan],
        ...,
        [nan, nan, nan,  ..., nan, nan, nan],
        [nan, nan, nan,  ..., nan, nan, nan],
        [nan, nan, nan,  ..., nan, nan, nan]])

Step 45
  Symbolic: Subtract(t28:Matrix(237, 237), t32:Matrix(237, 237)) -> t45
  Concrete: torch.sub(t28, t32)
  Result shape: (237, 237)
  Result value:
tensor([[nan, nan, nan,  ..., nan, nan, nan],
        [nan, nan, nan,  ..., nan, nan, nan],
        [nan, nan, nan,  ..., nan, nan, nan],
        ...,
        [nan, nan, nan,  ..., nan, nan, nan],
        [nan, nan, nan,  ..., nan, nan, nan],
        [nan, nan, nan,  ..., nan, nan, nan]])

Step 46
  Symbolic: MatMul(t27:Matrix(215, 215), t42:Matrix(215, 215)) -> t46
  Concrete: torch.matmul(t27, t42)
  Result shape: (215, 215)
  Result value:
tensor([[0., 0., 0.,  ..., 0., 0., 0.],
        [0., 0., 0.,  ..., 0., 0., 0.],
        [0., 0., 0.,  ..., 0., 0., 0.],
        ...,
        [0., 0., 0.,  ..., 0., 0., 0.],
        [0., 0., 0.,  ..., 0., 0., 0.],
        [0., 0., 0.,  ..., 0., 0., 0.]])

Step 47
  Symbolic: Add(t29:Matrix(237, 237), t37:Matrix(237, 237)) -> t47
  Concrete: torch.add(t29, t37)
  Result shape: (237, 237)
  Result value:
tensor([[nan, nan, nan,  ..., nan, nan, nan],
        [nan, nan, nan,  ..., nan, nan, nan],
        [nan, nan, nan,  ..., nan, nan, nan],
        ...,
        [nan, nan, nan,  ..., nan, nan, nan],
        [nan, nan, nan,  ..., nan, nan, nan],
        [nan, nan, nan,  ..., nan, nan, nan]])

Step 48
  Symbolic: Add(t28:Matrix(237, 237), t47:Matrix(237, 237)) -> t48
  Concrete: torch.add(t28, t47)
  Result shape: (237, 237)
  Result value:
tensor([[nan, nan, nan,  ..., nan, nan, nan],
        [nan, nan, nan,  ..., nan, nan, nan],
        [nan, nan, nan,  ..., nan, nan, nan],
        ...,
        [nan, nan, nan,  ..., nan, nan, nan],
        [nan, nan, nan,  ..., nan, nan, nan],
        [nan, nan, nan,  ..., nan, nan, nan]])

Step 49
  Symbolic: Subtract(t37:Matrix(237, 237), t45:Matrix(237, 237)) -> t49
  Concrete: torch.sub(t37, t45)
  Result shape: (237, 237)
  Result value:
tensor([[nan, nan, nan,  ..., nan, nan, nan],
        [nan, nan, nan,  ..., nan, nan, nan],
        [nan, nan, nan,  ..., nan, nan, nan],
        ...,
        [nan, nan, nan,  ..., nan, nan, nan],
        [nan, nan, nan,  ..., nan, nan, nan],
        [nan, nan, nan,  ..., nan, nan, nan]])

Step 50
  Symbolic: Add(t37:Matrix(237, 237), t45:Matrix(237, 237)) -> t50
  Concrete: torch.add(t37, t45)
  Result shape: (237, 237)
  Result value:
tensor([[nan, nan, nan,  ..., nan, nan, nan],
        [nan, nan, nan,  ..., nan, nan, nan],
        [nan, nan, nan,  ..., nan, nan, nan],
        ...,
        [nan, nan, nan,  ..., nan, nan, nan],
        [nan, nan, nan,  ..., nan, nan, nan],
        [nan, nan, nan,  ..., nan, nan, nan]])

Step 51
  Symbolic: Add(x8:Matrix(484, 484), t34:Matrix(484, 484)) -> t51
  Concrete: torch.add(x8, t34)
  Result shape: (484, 484)
  Result value:
tensor([[  7.4133,  16.8171,   8.5755,  ..., -19.4949,  15.5397,  -2.2967],
        [-13.3736,   5.5820,   2.1189,  ...,   8.8931, -11.0561,  -7.0909],
        [-19.9639,   7.9792,  -1.1009,  ..., -13.7585,  -3.9069,  38.6885],
        ...,
        [-13.8917,   0.1213,  42.9956,  ...,  -0.2200, -14.7010,  -3.9558],
        [ 14.5721, -32.4063, -21.1281,  ..., -13.1760,  22.6205,   1.5715],
        [-33.4288,  22.5691,  12.0102,  ...,   8.4173, -15.2198,  -7.1542]])

Step 52
  Symbolic: MatMul(t22:Matrix(237, 237), t28:Matrix(237, 237)) -> t52
  Concrete: torch.matmul(t22, t28)
  Result shape: (237, 237)
  Result value:
tensor([[nan, nan, nan,  ..., nan, nan, nan],
        [nan, nan, nan,  ..., nan, nan, nan],
        [nan, nan, nan,  ..., nan, nan, nan],
        ...,
        [nan, nan, nan,  ..., nan, nan, nan],
        [nan, nan, nan,  ..., nan, nan, nan],
        [nan, nan, nan,  ..., nan, nan, nan]])

Step 53
  Symbolic: Subtract(x43:Matrix(237, 237), x41:Matrix(237, 237)) -> t53
  Concrete: torch.sub(x43, x41)
  Result shape: (237, 237)
  Result value:
tensor([[ 0.5189, -0.1353,  0.6217,  ..., -0.6170,  0.1483,  1.0167],
        [-0.1353,  0.8780, -0.4443,  ...,  0.5057,  0.7564, -0.5103],
        [ 0.6217, -0.4443, -1.3580,  ..., -0.9250, -1.7314,  0.4098],
        ...,
        [-0.6170,  0.5057, -0.9250,  ...,  1.9114,  0.0343, -2.6116],
        [ 0.1483,  0.7564, -1.7314,  ...,  0.0343,  0.3968, -0.3714],
        [ 1.0167, -0.5103,  0.4098,  ..., -2.6116, -0.3714,  2.4274]])

Step 54
  Symbolic: Subtract(t9:Matrix(237, 237), t48:Matrix(237, 237)) -> t54
  Concrete: torch.sub(t9, t48)
  Result shape: (237, 237)
  Result value:
tensor([[nan, nan, nan,  ..., nan, nan, nan],
        [nan, nan, nan,  ..., nan, nan, nan],
        [nan, nan, nan,  ..., nan, nan, nan],
        ...,
        [nan, nan, nan,  ..., nan, nan, nan],
        [nan, nan, nan,  ..., nan, nan, nan],
        [nan, nan, nan,  ..., nan, nan, nan]])

Step 55
  Symbolic: MatMul(t2:Matrix(237, 237), x41:Matrix(237, 237)) -> t55
  Concrete: torch.matmul(t2, x41)
  Result shape: (237, 237)
  Result value:
tensor([[146.6822,  18.7620,  12.0550,  ...,  13.7295,  17.7425,  18.7090],
        [ 19.1028, 155.1784,  -6.0654,  ...,  39.0561, -19.2986, -12.1817],
        [-12.8362, -10.4217, 130.8604,  ...,   4.7203, -30.9345,  11.8446],
        ...,
        [ 12.6695,  25.0844,  -1.7882,  ..., 142.6979,   4.8294,  -8.1597],
        [ 41.6228, -15.6792,  -3.0648,  ...,   2.8738, 170.4583, -22.4220],
        [  5.1369,  -4.1486,   9.0525,  ..., -19.5975, -19.6496, 121.1758]])

Step 56
  Symbolic: MatMul(t43:Matrix(237, 237), t22:Matrix(237, 237)) -> t56
  Concrete: torch.matmul(t43, t22)
  Result shape: (237, 237)
  Result value:
tensor([[nan, nan, nan,  ..., nan, nan, nan],
        [nan, nan, nan,  ..., nan, nan, nan],
        [nan, nan, nan,  ..., nan, nan, nan],
        ...,
        [nan, nan, nan,  ..., nan, nan, nan],
        [nan, nan, nan,  ..., nan, nan, nan],
        [nan, nan, nan,  ..., nan, nan, nan]])

Step 57
  Symbolic: Subtract(t44:Matrix(237, 237), x44:Matrix(237, 237)) -> t57
  Concrete: torch.sub(t44, x44)
  Result shape: (237, 237)
  Result value:
tensor([[nan, nan, nan,  ..., nan, nan, nan],
        [nan, nan, nan,  ..., nan, nan, nan],
        [nan, nan, nan,  ..., nan, nan, nan],
        ...,
        [nan, nan, nan,  ..., nan, nan, nan],
        [nan, nan, nan,  ..., nan, nan, nan],
        [nan, nan, nan,  ..., nan, nan, nan]])

Step 58
  Symbolic: MatMul(t49:Matrix(237, 237), t32:Matrix(237, 237)) -> t58
  Concrete: torch.matmul(t49, t32)
  Result shape: (237, 237)
  Result value:
tensor([[nan, nan, nan,  ..., nan, nan, nan],
        [nan, nan, nan,  ..., nan, nan, nan],
        [nan, nan, nan,  ..., nan, nan, nan],
        ...,
        [nan, nan, nan,  ..., nan, nan, nan],
        [nan, nan, nan,  ..., nan, nan, nan],
        [nan, nan, nan,  ..., nan, nan, nan]])

Step 59
  Symbolic: Subtract(t39:Matrix(237, 237), t45:Matrix(237, 237)) -> t59
  Concrete: torch.sub(t39, t45)
  Result shape: (237, 237)
  Result value:
tensor([[nan, nan, nan,  ..., nan, nan, nan],
        [nan, nan, nan,  ..., nan, nan, nan],
        [nan, nan, nan,  ..., nan, nan, nan],
        ...,
        [nan, nan, nan,  ..., nan, nan, nan],
        [nan, nan, nan,  ..., nan, nan, nan],
        [nan, nan, nan,  ..., nan, nan, nan]])

Step 60
  Symbolic: MatMul(x13:Matrix(215, 215), x12:Matrix(215, 215)) -> t60
  Concrete: torch.matmul(x13, x12)
  Result shape: (215, 215)
  Result value:
tensor([[ 13.7704,  -5.8834,  11.2218,  ..., -11.8091,   9.4034,   8.4716],
        [  5.6669,   5.9287,   2.3202,  ...,  -8.8016,  -3.4300,  -5.8798],
        [ 12.2819,   7.8043,  -8.5912,  ...,  25.9100,  -9.6195,  10.1410],
        ...,
        [ -6.2101,   6.3865,  13.9645,  ...,   7.2711,   6.9367,   4.3641],
        [ 12.1720,  14.4574,  -0.8816,  ...,  13.2444,  -4.2815,   3.8551],
        [  0.6975,  -4.7560,   3.8547,  ...,  -1.8446,  -2.8632,  -1.0476]])

Step 61
  Symbolic: Subtract(x44:Matrix(237, 237), x40:Matrix(237, 237)) -> t61
  Concrete: torch.sub(x44, x40)
  Result shape: (237, 237)
  Result value:
tensor([[ 2.0497,  1.4283, -0.9377,  ...,  0.2129, -0.4665, -0.5861],
        [ 1.4283, -1.9300, -0.0609,  ...,  0.3629,  0.3823, -0.6448],
        [-0.9377, -0.0609, -0.4473,  ...,  0.4970,  0.4006, -0.2183],
        ...,
        [ 0.2129,  0.3629,  0.4970,  ..., -1.5279,  0.2982, -0.3496],
        [-0.4665,  0.3823,  0.4006,  ...,  0.2982,  2.8266,  1.1997],
        [-0.5861, -0.6448, -0.2183,  ..., -0.3496,  1.1997,  0.8746]])

Step 62
  Symbolic: MatMul(t51:Matrix(484, 484), t51:Matrix(484, 484)) -> t62
  Concrete: torch.matmul(t51, t51)
  Result shape: (484, 484)
  Result value:
tensor([[ -6462.3271,    146.8944,   3687.5356,  ..., -13872.7041,
          -5689.6655,    959.2786],
        [  6563.9712,   1585.7283,    965.0549,  ...,   9913.0820,
           -955.1662,  -4181.5200],
        [  -799.8300,   2937.1042,    153.7539,  ...,   3937.6138,
           7103.8184,   5421.4395],
        ...,
        [ -8601.7324,   1951.8466,   2121.5288,  ...,   1049.1359,
           1745.7277,  -3816.2988],
        [  -624.2390,   3674.4160,   5311.0195,  ...,  -6466.6216,
           -487.1246,   1730.4902],
        [  1833.9148,   1908.6624,   7473.5728,  ...,  -4112.1738,
          -4303.1470,   1352.0725]])

Step 63
  Symbolic: MatMul(t16:Matrix(215, 215), t16:Matrix(215, 215)) -> t63
  Concrete: torch.matmul(t16, t16)
  Result shape: (215, 215)
  Result value:
tensor([[ 3599.9238,   234.2770,  2135.0698,  ...,   277.7319,   766.8333,
          1349.7179],
        [-1510.8519,  -324.0877,   245.1368,  ...,  2387.5327,  1880.1052,
         -2193.3284],
        [  687.2893,   175.5471,   595.0215,  ...,  -651.1569,  3048.0674,
          -562.8284],
        ...,
        [  918.3743, -1385.5698,  -267.0000,  ..., -1585.2319,  -276.3619,
          -550.6779],
        [ 1140.7115,  -650.6555,   821.0705,  ..., -1023.4871,  1495.7979,
          1852.3157],
        [-2494.3113,  -147.0727,   568.8384,  ...,  4948.1719,  -864.3887,
          -909.5970]])

Step 64
  Symbolic: MatMul(t33:Matrix(237, 237), x40:Matrix(237, 237)) -> t64
  Concrete: torch.matmul(t33, x40)
  Result shape: (237, 237)
  Result value:
tensor([[nan, nan, nan,  ..., nan, nan, nan],
        [nan, nan, nan,  ..., nan, nan, nan],
        [nan, nan, nan,  ..., nan, nan, nan],
        ...,
        [nan, nan, nan,  ..., nan, nan, nan],
        [nan, nan, nan,  ..., nan, nan, nan],
        [nan, nan, nan,  ..., nan, nan, nan]])

Step 65
  Symbolic: MatMul(t58:Matrix(237, 237), t43:Matrix(237, 237)) -> t65
  Concrete: torch.matmul(t58, t43)
  Result shape: (237, 237)
  Result value:
tensor([[nan, nan, nan,  ..., nan, nan, nan],
        [nan, nan, nan,  ..., nan, nan, nan],
        [nan, nan, nan,  ..., nan, nan, nan],
        ...,
        [nan, nan, nan,  ..., nan, nan, nan],
        [nan, nan, nan,  ..., nan, nan, nan],
        [nan, nan, nan,  ..., nan, nan, nan]])

Step 66
  Symbolic: Add(x7:Matrix(484, 484), t62:Matrix(484, 484)) -> t66
  Concrete: torch.add(x7, t62)
  Result shape: (484, 484)
  Result value:
tensor([[ -6463.8477,    146.3761,   3688.5176,  ..., -13871.6992,
          -5689.4492,    959.6832],
        [  6563.4531,   1584.1244,    964.9980,  ...,   9911.8682,
           -954.9621,  -4181.5903],
        [  -798.8481,   2937.0474,    152.8450,  ...,   3936.9080,
           7103.6934,   5420.8848],
        ...,
        [ -8600.7275,   1950.6328,   2120.8230,  ...,   1047.1490,
           1744.7606,  -3815.8201],
        [  -624.0228,   3674.6201,   5310.8945,  ...,  -6467.5889,
           -485.6536,   1730.2418],
        [  1834.3195,   1908.5920,   7473.0181,  ...,  -4111.6953,
          -4303.3955,   1353.5823]])

Step 67
  Symbolic: Subtract(t30:Matrix(237, 237), x44:Matrix(237, 237)) -> t67
  Concrete: torch.sub(t30, x44)
  Result shape: (237, 237)
  Result value:
tensor([[nan, nan, nan,  ..., nan, nan, nan],
        [nan, nan, nan,  ..., nan, nan, nan],
        [nan, nan, nan,  ..., nan, nan, nan],
        ...,
        [nan, nan, nan,  ..., nan, nan, nan],
        [nan, nan, nan,  ..., nan, nan, nan],
        [nan, nan, nan,  ..., nan, nan, nan]])

Step 68
  Symbolic: MatMul(t58:Matrix(237, 237), t5:Matrix(237, 237)) -> t68
  Concrete: torch.matmul(t58, t5)
  Result shape: (237, 237)
  Result value:
tensor([[nan, nan, nan,  ..., nan, nan, nan],
        [nan, nan, nan,  ..., nan, nan, nan],
        [nan, nan, nan,  ..., nan, nan, nan],
        ...,
        [nan, nan, nan,  ..., nan, nan, nan],
        [nan, nan, nan,  ..., nan, nan, nan],
        [nan, nan, nan,  ..., nan, nan, nan]])

Step 69
  Symbolic: Transpose(x46:Matrix(471, 297)) -> t69
  Concrete: torch.transpose(x46, 0, 1)
  Result shape: (297, 471)
  Result value:
tensor([[ 1.7086, -0.9138,  0.3290,  ..., -0.7172, -1.3101,  1.4170],
        [-1.3096,  1.2592,  0.4603,  ..., -1.4602,  1.2012,  0.5206],
        [ 1.1632,  0.2029, -0.8344,  ...,  1.4139,  0.7673,  1.9945],
        ...,
        [-0.5660, -1.3631, -0.1091,  ...,  0.5284, -0.3145,  0.0021],
        [-1.7301, -1.5272, -0.9325,  ...,  0.5425,  0.6972,  1.0762],
        [ 0.5979, -0.4757,  1.7823,  ..., -0.6028, -0.0649,  1.2566]])

Step 70
  Symbolic: MatMul(t60:Matrix(215, 215), t42:Matrix(215, 215)) -> t70
  Concrete: torch.matmul(t60, t42)
  Result shape: (215, 215)
  Result value:
tensor([[-144519.2188, -109686.3828, -122347.3438,  ..., -199468.8594,
          -41543.8906,   66206.5234],
        [  13824.9678,  -27964.9375,   47316.2930,  ...,  163903.4844,
          224988.5312,   45397.7188],
        [ -55797.3164,  729463.6875,  127498.5078,  ...,  102268.6172,
         -263995.9062, -399119.6875],
        ...,
        [ -15300.0605, -294016.3125,  -38630.5156,  ...,  244847.1719,
           92653.7891,  -71137.6719],
        [ -99190.0781,   14204.0371,  -13335.3242,  ...,  167075.8438,
         -245538.9375,  -98013.2500],
        [   8326.9668,  450233.7812,  174564.4062,  ...,   61331.5742,
          312107.4062, -106810.2578]])

Step 71
  Symbolic: Sum(t22:Matrix(237, 237)) -> t71
  Concrete: torch.sum(t22)
  Result shape: ()
  Result value:
nan

Step 72
  Symbolic: MatMul(t40:Matrix(237, 237), t53:Matrix(237, 237)) -> t72
  Concrete: torch.matmul(t40, t53)
  Result shape: (237, 237)
  Result value:
tensor([[ 29.5947,  24.5465,   3.2957,  ...,  31.8834,  12.0248,   2.8760],
        [ 30.1381,   7.7514,  -7.9793,  ...,  10.7736, -20.0807,  17.7302],
        [-19.9039,   1.9896,  -9.9667,  ...,  30.1148,  -1.5277,  -1.9194],
        ...,
        [-10.9558,  -3.3638,   4.9766,  ..., -16.8787,  10.4838,  -7.3538],
        [ 35.7247,   6.7606, -26.3014,  ...,   6.8409,   0.2660,   0.6111],
        [  8.5057,   2.3515,  18.9822,  ...,  31.5080, -24.3728, -18.8525]])

Step 73
  Symbolic: Subtract(t50:Matrix(237, 237), t67:Matrix(237, 237)) -> t73
  Concrete: torch.sub(t50, t67)
  Result shape: (237, 237)
  Result value:
tensor([[nan, nan, nan,  ..., nan, nan, nan],
        [nan, nan, nan,  ..., nan, nan, nan],
        [nan, nan, nan,  ..., nan, nan, nan],
        ...,
        [nan, nan, nan,  ..., nan, nan, nan],
        [nan, nan, nan,  ..., nan, nan, nan],
        [nan, nan, nan,  ..., nan, nan, nan]])

Step 74
  Symbolic: MatMul(t45:Matrix(237, 237), t54:Matrix(237, 237)) -> t74
  Concrete: torch.matmul(t45, t54)
  Result shape: (237, 237)
  Result value:
tensor([[nan, nan, nan,  ..., nan, nan, nan],
        [nan, nan, nan,  ..., nan, nan, nan],
        [nan, nan, nan,  ..., nan, nan, nan],
        ...,
        [nan, nan, nan,  ..., nan, nan, nan],
        [nan, nan, nan,  ..., nan, nan, nan],
        [nan, nan, nan,  ..., nan, nan, nan]])

Step 75
  Symbolic: Add(t30:Matrix(237, 237), x41:Matrix(237, 237)) -> t75
  Concrete: torch.add(t30, x41)
  Result shape: (237, 237)
  Result value:
tensor([[nan, nan, nan,  ..., nan, nan, nan],
        [nan, nan, nan,  ..., nan, nan, nan],
        [nan, nan, nan,  ..., nan, nan, nan],
        ...,
        [nan, nan, nan,  ..., nan, nan, nan],
        [nan, nan, nan,  ..., nan, nan, nan],
        [nan, nan, nan,  ..., nan, nan, nan]])

Step 76
  Symbolic: Subtract(t9:Matrix(237, 237), t72:Matrix(237, 237)) -> t76
  Concrete: torch.sub(t9, t72)
  Result shape: (237, 237)
  Result value:
tensor([[-28.4745, -24.4851,  -4.1927,  ..., -31.0592, -12.2578,  -3.8103],
        [-30.0767,  -8.6640,   7.1525,  ..., -10.6483,  20.4483, -18.0913],
        [ 19.0069,  -2.8165,  11.2415,  ..., -29.2384,   2.0531,   1.9882],
        ...,
        [ 11.7800,   3.4891,  -4.1002,  ...,  16.1624, -11.0004,   8.2485],
        [-35.9576,  -6.3930,  26.8268,  ...,  -7.3575,  -0.8054,   0.3548],
        [ -9.4401,  -2.7126, -18.9133,  ..., -30.6133,  25.3388,  17.1707]])

Step 77
  Symbolic: MatMul(t37:Matrix(237, 237), t43:Matrix(237, 237)) -> t77
  Concrete: torch.matmul(t37, t43)
  Result shape: (237, 237)
  Result value:
tensor([[nan, nan, nan,  ..., nan, nan, nan],
        [nan, nan, nan,  ..., nan, nan, nan],
        [nan, nan, nan,  ..., nan, nan, nan],
        ...,
        [nan, nan, nan,  ..., nan, nan, nan],
        [nan, nan, nan,  ..., nan, nan, nan],
        [nan, nan, nan,  ..., nan, nan, nan]])

Step 78
  Symbolic: Add(t23:Matrix(237, 237), t72:Matrix(237, 237)) -> t78
  Concrete: torch.add(t23, t72)
  Result shape: (237, 237)
  Result value:
tensor([[nan, nan, nan,  ..., nan, nan, nan],
        [nan, nan, nan,  ..., nan, nan, nan],
        [nan, nan, nan,  ..., nan, nan, nan],
        ...,
        [nan, nan, nan,  ..., nan, nan, nan],
        [nan, nan, nan,  ..., nan, nan, nan],
        [nan, nan, nan,  ..., nan, nan, nan]])

Step 79
  Symbolic: MatMul(t49:Matrix(237, 237), t75:Matrix(237, 237)) -> t79
  Concrete: torch.matmul(t49, t75)
  Result shape: (237, 237)
  Result value:
tensor([[nan, nan, nan,  ..., nan, nan, nan],
        [nan, nan, nan,  ..., nan, nan, nan],
        [nan, nan, nan,  ..., nan, nan, nan],
        ...,
        [nan, nan, nan,  ..., nan, nan, nan],
        [nan, nan, nan,  ..., nan, nan, nan],
        [nan, nan, nan,  ..., nan, nan, nan]])

Step 80
  Symbolic: Subtract(t74:Matrix(237, 237), t78:Matrix(237, 237)) -> t80
  Concrete: torch.sub(t74, t78)
  Result shape: (237, 237)
  Result value:
tensor([[nan, nan, nan,  ..., nan, nan, nan],
        [nan, nan, nan,  ..., nan, nan, nan],
        [nan, nan, nan,  ..., nan, nan, nan],
        ...,
        [nan, nan, nan,  ..., nan, nan, nan],
        [nan, nan, nan,  ..., nan, nan, nan],
        [nan, nan, nan,  ..., nan, nan, nan]])

Step 81
  Symbolic: MatMul(t75:Matrix(237, 237), t29:Matrix(237, 237)) -> t81
  Concrete: torch.matmul(t75, t29)
  Result shape: (237, 237)
  Result value:
tensor([[nan, nan, nan,  ..., nan, nan, nan],
        [nan, nan, nan,  ..., nan, nan, nan],
        [nan, nan, nan,  ..., nan, nan, nan],
        ...,
        [nan, nan, nan,  ..., nan, nan, nan],
        [nan, nan, nan,  ..., nan, nan, nan],
        [nan, nan, nan,  ..., nan, nan, nan]])

Step 82
  Symbolic: MatMul(t60:Matrix(215, 215), x12:Matrix(215, 215)) -> t82
  Concrete: torch.matmul(t60, x12)
  Result shape: (215, 215)
  Result value:
tensor([[ 281.0164,  -52.5995, -102.5991,  ..., -132.4918,   73.8825,
         -158.4399],
        [ 104.9968, -126.0229,  -91.0832,  ..., -110.9595,  189.6484,
         -202.3549],
        [  -7.4123, -127.4369, -127.5547,  ..., -162.4840,  -30.1119,
         -274.0032],
        ...,
        [ -52.5174,   12.0613,   14.5170,  ...,   93.9346, -116.6322,
          404.2450],
        [ 180.8968,   66.9663,  -82.8205,  ..., -137.2890,  -21.7379,
         -110.8291],
        [ -98.6992,  233.8839, -123.2784,  ...,  155.5691,  -89.4455,
          -85.1131]])

Step 83
  Symbolic: Add(t80:Matrix(237, 237), t67:Matrix(237, 237)) -> t83
  Concrete: torch.add(t80, t67)
  Result shape: (237, 237)
  Result value:
tensor([[nan, nan, nan,  ..., nan, nan, nan],
        [nan, nan, nan,  ..., nan, nan, nan],
        [nan, nan, nan,  ..., nan, nan, nan],
        ...,
        [nan, nan, nan,  ..., nan, nan, nan],
        [nan, nan, nan,  ..., nan, nan, nan],
        [nan, nan, nan,  ..., nan, nan, nan]])

Step 84
  Symbolic: MatMul(t33:Matrix(237, 237), t33:Matrix(237, 237)) -> t84
  Concrete: torch.matmul(t33, t33)
  Result shape: (237, 237)
  Result value:
tensor([[nan, nan, nan,  ..., nan, nan, nan],
        [nan, nan, nan,  ..., nan, nan, nan],
        [nan, nan, nan,  ..., nan, nan, nan],
        ...,
        [nan, nan, nan,  ..., nan, nan, nan],
        [nan, nan, nan,  ..., nan, nan, nan],
        [nan, nan, nan,  ..., nan, nan, nan]])

Step 85
  Symbolic: Subtract(t77:Matrix(237, 237), t54:Matrix(237, 237)) -> t85
  Concrete: torch.sub(t77, t54)
  Result shape: (237, 237)
  Result value:
tensor([[nan, nan, nan,  ..., nan, nan, nan],
        [nan, nan, nan,  ..., nan, nan, nan],
        [nan, nan, nan,  ..., nan, nan, nan],
        ...,
        [nan, nan, nan,  ..., nan, nan, nan],
        [nan, nan, nan,  ..., nan, nan, nan],
        [nan, nan, nan,  ..., nan, nan, nan]])

Step 86
  Symbolic: MatMul(t5:Matrix(237, 237), t2:Matrix(237, 237)) -> t86
  Concrete: torch.matmul(t5, t2)
  Result shape: (237, 237)
  Result value:
tensor([[ -36.7082,   45.2277,  -29.3138,  ...,  247.9553,   81.2770,
         -222.6552],
        [ 198.8846, -156.6061,  266.5564,  ...,  101.6688, -108.9586,
          -32.7974],
        [ 233.7253,  427.2070,  145.0291,  ...,  306.7952,  -10.4805,
           74.0913],
        ...,
        [-104.7425,   -7.5280,  165.6060,  ..., -148.7090,  196.7949,
           94.3647],
        [ 144.4583,  -78.0788,   -4.7857,  ...,  -19.9621,  171.8679,
          258.5813],
        [ -93.7359,  -82.4472,  308.5276,  ...,  241.1143,  308.6211,
         -381.4766]])

Step 87
  Symbolic: Subtract(t49:Matrix(237, 237), t24:Matrix(237, 237)) -> t87
  Concrete: torch.sub(t49, t24)
  Result shape: (237, 237)
  Result value:
tensor([[nan, nan, nan,  ..., nan, nan, nan],
        [nan, nan, nan,  ..., nan, nan, nan],
        [nan, nan, nan,  ..., nan, nan, nan],
        ...,
        [nan, nan, nan,  ..., nan, nan, nan],
        [nan, nan, nan,  ..., nan, nan, nan],
        [nan, nan, nan,  ..., nan, nan, nan]])

Step 88
  Symbolic: Subtract(t66:Matrix(484, 484), x6:Matrix(484, 484)) -> t88
  Concrete: torch.sub(t66, x6)
  Result shape: (484, 484)
  Result value:
tensor([[ -6464.1699,    146.2156,   3688.5415,  ..., -13871.3857,
          -5690.1182,    959.8414],
        [  6563.2925,   1585.2317,    965.2747,  ...,   9911.8916,
           -953.5524,  -4182.5884],
        [  -798.8242,   2937.3242,    153.1331,  ...,   3936.6248,
           7104.7837,   5421.1416],
        ...,
        [ -8600.4141,   1950.6558,   2120.5398,  ...,   1045.3501,
           1745.5157,  -3814.3186],
        [  -624.6918,   3676.0298,   5311.9849,  ...,  -6466.8340,
           -483.8456,   1730.4745],
        [  1834.4775,   1907.5940,   7473.2749,  ...,  -4110.1938,
          -4303.1631,   1355.3066]])

Step 89
  Symbolic: Subtract(t40:Matrix(237, 237), t83:Matrix(237, 237)) -> t89
  Concrete: torch.sub(t40, t83)
  Result shape: (237, 237)
  Result value:
tensor([[nan, nan, nan,  ..., nan, nan, nan],
        [nan, nan, nan,  ..., nan, nan, nan],
        [nan, nan, nan,  ..., nan, nan, nan],
        ...,
        [nan, nan, nan,  ..., nan, nan, nan],
        [nan, nan, nan,  ..., nan, nan, nan],
        [nan, nan, nan,  ..., nan, nan, nan]])

Step 90
  Symbolic: Add(x6:Matrix(484, 484), x5:Matrix(484, 484)) -> t90
  Concrete: torch.add(x6, x5)
  Result shape: (484, 484)
  Result value:
tensor([[ 8.4328e-01, -5.3962e-01, -9.4015e-01,  ..., -3.6395e-01,
          3.2983e-01,  2.3650e-01],
        [-5.3962e-01,  4.8030e-01, -5.7754e-01,  ...,  1.8386e+00,
         -1.4247e+00,  5.8834e-01],
        [-9.4015e-01, -5.7754e-01,  1.6384e+00,  ...,  9.4278e-03,
         -1.8281e+00, -1.2504e+00],
        ...,
        [-3.6395e-01,  1.8386e+00,  9.4278e-03,  ...,  1.4985e+00,
          2.1991e-03, -2.3590e+00],
        [ 3.2983e-01, -1.4247e+00, -1.8281e+00,  ...,  2.1991e-03,
         -3.7500e+00, -5.2788e-01],
        [ 2.3650e-01,  5.8834e-01, -1.2504e+00,  ..., -2.3590e+00,
         -5.2788e-01, -1.1249e+00]])

Step 91
  Symbolic: MatMul(t5:Matrix(237, 237), t79:Matrix(237, 237)) -> t91
  Concrete: torch.matmul(t5, t79)
  Result shape: (237, 237)
  Result value:
tensor([[nan, nan, nan,  ..., nan, nan, nan],
        [nan, nan, nan,  ..., nan, nan, nan],
        [nan, nan, nan,  ..., nan, nan, nan],
        ...,
        [nan, nan, nan,  ..., nan, nan, nan],
        [nan, nan, nan,  ..., nan, nan, nan],
        [nan, nan, nan,  ..., nan, nan, nan]])

Step 92
  Symbolic: MatMul(x43:Matrix(237, 237), t78:Matrix(237, 237)) -> t92
  Concrete: torch.matmul(x43, t78)
  Result shape: (237, 237)
  Result value:
tensor([[nan, nan, nan,  ..., nan, nan, nan],
        [nan, nan, nan,  ..., nan, nan, nan],
        [nan, nan, nan,  ..., nan, nan, nan],
        ...,
        [nan, nan, nan,  ..., nan, nan, nan],
        [nan, nan, nan,  ..., nan, nan, nan],
        [nan, nan, nan,  ..., nan, nan, nan]])

Step 93
  Symbolic: MatMul(t35:Matrix(237, 237), t40:Matrix(237, 237)) -> t93
  Concrete: torch.matmul(t35, t40)
  Result shape: (237, 237)
  Result value:
tensor([[nan, nan, nan,  ..., nan, nan, nan],
        [nan, nan, nan,  ..., nan, nan, nan],
        [nan, nan, nan,  ..., nan, nan, nan],
        ...,
        [nan, nan, nan,  ..., nan, nan, nan],
        [nan, nan, nan,  ..., nan, nan, nan],
        [nan, nan, nan,  ..., nan, nan, nan]])

Step 94
  Symbolic: MatMul(t85:Matrix(237, 237), t54:Matrix(237, 237)) -> t94
  Concrete: torch.matmul(t85, t54)
  Result shape: (237, 237)
  Result value:
tensor([[nan, nan, nan,  ..., nan, nan, nan],
        [nan, nan, nan,  ..., nan, nan, nan],
        [nan, nan, nan,  ..., nan, nan, nan],
        ...,
        [nan, nan, nan,  ..., nan, nan, nan],
        [nan, nan, nan,  ..., nan, nan, nan],
        [nan, nan, nan,  ..., nan, nan, nan]])

Step 95
  Symbolic: MatMul(t20:Matrix(237, 237), t76:Matrix(237, 237)) -> t95
  Concrete: torch.matmul(t20, t76)
  Result shape: (237, 237)
  Result value:
tensor([[nan, nan, nan,  ..., nan, nan, nan],
        [nan, nan, nan,  ..., nan, nan, nan],
        [nan, nan, nan,  ..., nan, nan, nan],
        ...,
        [nan, nan, nan,  ..., nan, nan, nan],
        [nan, nan, nan,  ..., nan, nan, nan],
        [nan, nan, nan,  ..., nan, nan, nan]])

Step 96
  Symbolic: Subtract(t6:Matrix(484, 484), t6:Matrix(484, 484)) -> t96
  Concrete: torch.sub(t6, t6)
  Result shape: (484, 484)
  Result value:
tensor([[0., 0., 0.,  ..., 0., 0., 0.],
        [0., 0., 0.,  ..., 0., 0., 0.],
        [0., 0., 0.,  ..., 0., 0., 0.],
        ...,
        [0., 0., 0.,  ..., 0., 0., 0.],
        [0., 0., 0.,  ..., 0., 0., 0.],
        [0., 0., 0.,  ..., 0., 0., 0.]])

Step 97
  Symbolic: Subtract(t57:Matrix(237, 237), t78:Matrix(237, 237)) -> t97
  Concrete: torch.sub(t57, t78)
  Result shape: (237, 237)
  Result value:
tensor([[nan, nan, nan,  ..., nan, nan, nan],
        [nan, nan, nan,  ..., nan, nan, nan],
        [nan, nan, nan,  ..., nan, nan, nan],
        ...,
        [nan, nan, nan,  ..., nan, nan, nan],
        [nan, nan, nan,  ..., nan, nan, nan],
        [nan, nan, nan,  ..., nan, nan, nan]])

Step 98
  Symbolic: MatMul(x11:Matrix(215, 215), t16:Matrix(215, 215)) -> t98
  Concrete: torch.matmul(x11, t16)
  Result shape: (215, 215)
  Result value:
tensor([[  74.8325,   87.4987,  -24.6855,  ...,   -7.8741,   50.3468,
           27.9155],
        [ 297.1175,  -17.0025, -149.8839,  ..., -213.8010,   30.7712,
         -108.7535],
        [ -24.3651,   14.4867,   60.2649,  ...,   86.1870,  111.7630,
          -29.1304],
        ...,
        [ 109.9765, -114.5535,  149.3572,  ...,  -92.8157,   37.6384,
         -121.3832],
        [  94.6074, -182.2529,  -68.6970,  ..., -136.9634,  127.8909,
           60.0699],
        [  43.8479, -105.8630,   35.0219,  ...,  171.6038,  -26.2401,
          192.4100]])

Step 99
  Symbolic: Add(x43:Matrix(237, 237), t35:Matrix(237, 237)) -> t99
  Concrete: torch.add(x43, t35)
  Result shape: (237, 237)
  Result value:
tensor([[nan, nan, nan,  ..., nan, nan, nan],
        [nan, nan, nan,  ..., nan, nan, nan],
        [nan, nan, nan,  ..., nan, nan, nan],
        ...,
        [nan, nan, nan,  ..., nan, nan, nan],
        [nan, nan, nan,  ..., nan, nan, nan],
        [nan, nan, nan,  ..., nan, nan, nan]])

Framework: torch
Final result:
tensor([[nan, nan, nan,  ..., nan, nan, nan],
        [nan, nan, nan,  ..., nan, nan, nan],
        [nan, nan, nan,  ..., nan, nan, nan],
        ...,
        [nan, nan, nan,  ..., nan, nan, nan],
        [nan, nan, nan,  ..., nan, nan, nan],
        [nan, nan, nan,  ..., nan, nan, nan]])