Framework: tf
Initial concrete seed values:
x0: shape=(3, 1)
[[0.92839295]
 [1.6008147 ]
 [0.99715585]]

x1: shape=(3, 1)
[[ 1.5357422]
 [-1.090176 ]
 [ 0.9402779]]

x2: shape=(3, 1)
[[ 0.5951826 ]
 [-0.86859107]
 [-0.8684811 ]]

x3: shape=(1, 4)
[[ 1.3590859 -1.1360971 -0.4661681 -0.3367445]]

x4: shape=(1, 3)
[[-0.7699952 -0.5825906  0.9745076]]

x5: shape=(5, 3)
[[-0.6787856   0.18833886 -1.5096259 ]
 [-0.29811043  1.0775659   1.3426129 ]
 [-0.6082642  -0.9767714   0.9318734 ]
 [-0.755257   -1.1124995  -0.5346382 ]
 [-0.59067434 -1.0988022   1.9357021 ]]

x6: shape=(5, 3)
[[ 0.3476574   1.5873592  -0.4191683 ]
 [ 1.5475259   1.0237236  -0.13289203]
 [-0.7138867   0.40749672  1.9885972 ]
 [ 0.803418    1.739197   -0.80583674]
 [ 0.6053344   1.2170905   1.1837512 ]]

x7: shape=(5, 3)
[[ 1.3211523   0.15110861  0.39835894]
 [ 1.4098873  -1.5158993   0.748324  ]
 [-0.61400765 -1.144082    0.42614844]
 [ 1.1802115   1.9419059  -0.4122074 ]
 [-1.9098698  -0.21241854 -1.2293597 ]]

x8: shape=(3, 2)
[[ 0.9361679  1.0229104]
 [ 1.1708084 -1.2835914]
 [-0.6765153  1.955693 ]]

x9: shape=(4, 5)
[[ 0.55577517  1.7435666  -0.7016266  -0.06649555 -1.3411703 ]
 [-1.3533367  -1.4399829  -1.1129612  -0.97031575 -0.008731  ]
 [-1.3133615   1.5625035   1.2132862   0.7399283   1.3263288 ]
 [-1.4287676  -1.2404797  -0.41146827 -0.59403044  1.1624824 ]]

x10: shape=(4, 5)
[[ 8.1086302e-01  1.4475876e-03 -1.1148067e+00  1.6389322e+00
   1.3228416e+00]
 [ 1.8087434e+00 -1.3902695e-01  9.1959530e-01 -3.0114916e-01
   1.9899764e+00]
 [ 5.6497186e-01 -5.2608377e-01  9.9997234e-01 -1.8584077e+00
   9.5038325e-01]
 [ 1.6298147e+00 -6.7803246e-01 -1.8940487e+00 -3.7465861e-01
  -6.0669756e-01]]

x11: shape=(4, 5)
[[-1.0532146   1.6044198   0.00979528 -0.58405924  1.844384  ]
 [ 1.0217754   0.14034942 -1.9827543  -0.69160914  1.6359204 ]
 [-1.5003788  -1.4582425   1.363429   -1.7975373   1.4174416 ]
 [ 1.7750125  -0.5552918  -0.39059764 -0.726149   -0.67607373]]

x12: shape=(4, 5)
[[-1.4566361   1.7845216   1.5960892   0.00832225 -0.76132286]
 [ 1.0858759  -0.6944022   0.9025516  -0.6743305   1.2588319 ]
 [ 1.6503916   0.93099654  1.6622446  -0.4821832   1.9408928 ]
 [ 1.1574577   0.01301684  0.40481904  1.3199087  -1.9542614 ]]

x13: shape=(5, 3)
[[-0.91978145  1.630592   -0.7248039 ]
 [ 0.10194017 -0.69721323 -0.82310253]
 [ 0.9918482  -0.20654604  0.5592098 ]
 [-0.11356035 -0.4193297   0.84694207]
 [ 1.8975441   1.8032391   0.6598917 ]]

x14: shape=(5, 4)
[[ 0.60095507  0.31537658  0.62814534  1.5018466 ]
 [ 0.7386996   1.6594349   0.17559846  1.8502457 ]
 [-1.8455147  -1.3468863   0.9833069   1.7762021 ]
 [ 0.62687296  1.643467   -1.1615511   1.8308218 ]
 [ 0.12940453 -0.34985805  0.02478805 -1.0900282 ]]
